XY0 = [
86.5759	87.2526	87.6851	87.9201	87.9212	87.7325	87.2591	86.5815	0
87.3055	87.9844	88.4301	88.6524	88.6641	88.4273	87.9789	87.2789	0
87.7828	88.453	88.8531	89.0916	89.0976	88.8675	88.4216	87.7396	0
88.0163	88.6626	89.0852	89.316	89.2951	89.0843	88.6065	87.9528	0
88.0277	88.655	89.0731	89.3062	89.2841	89.0818	88.6081	87.9166	0
87.7481	88.3634	88.8377	89.0923	89.0968	88.8334	88.3934	87.7381	0
87.3267	87.9902	88.436	88.6457	88.6446	88.414	87.9584	87.2754	0
86.5805	87.2433	87.6905	87.9116	87.9486	87.733	87.2544	86.5646	0
0	0	0	0	0	0	0	0	0
]
XY1 = [
86.4974	87.1424	87.5774	87.7899	87.7991	87.6034	87.1621	86.4941	0
87.1958	87.8069	88.2394	88.4693	88.4789	88.2875	87.8278	87.1721	0
87.6567	88.2607	88.7068	88.9386	88.9534	88.747	88.2708	87.6325	0
87.8708	88.4692	88.9066	89.1442	89.1532	88.9485	88.5019	87.8474	0
87.8758	88.4969	88.9191	89.1485	89.1355	88.9351	88.4788	87.8534	0
87.6216	88.2429	88.6883	88.9086	88.943	88.6959	88.2648	87.6243	0
87.1777	87.808	88.2643	88.4919	88.547	88.3256	87.8419	87.181	0
86.5059	87.1566	87.6211	87.8199	87.8249	87.6198	87.1495	86.4972	0
0	0	0	0	0	0	0	0	0
]
XY2 = [
86.5368	87.1403	87.5903	87.8218	87.8145	87.6008	87.1685	86.466	0
87.2162	87.8173	88.2734	88.5186	88.5024	88.2975	87.8544	87.1529	0
87.6705	88.2378	88.6783	88.943	88.9249	88.7506	88.2747	87.6385	0
87.8866	88.4858	88.952	89.1788	89.1678	88.9706	88.4997	87.8747	0
87.8687	88.5102	88.9268	89.1662	89.1723	88.9812	88.4875	87.8497	0
87.6702	88.3046	88.7251	88.9494	88.9366	88.7349	88.2547	87.6057	0
87.2306	87.8643	88.3138	88.56	88.5277	88.3357	87.8657	87.1788	0
86.5352	87.1927	87.6435	87.8473	87.8306	87.633	87.1854	86.5106	0
0	0	0	0	0	0	0	0	0
]
XY3 = [
86.4457	87.0484	87.4685	87.6851	87.6808	87.4663	87.05	86.4122	0
87.0844	87.6726	88.1156	88.3532	88.3422	88.1301	87.7056	87.0359	0
87.5086	88.1207	88.5518	88.7764	88.7808	88.562	88.1245	87.5158	0
87.7433	88.3719	88.7831	88.9992	89.0185	88.7988	88.3551	87.7285	0
87.742	88.3419	88.7638	88.9876	88.9927	88.7626	88.3315	87.7045	0
87.5328	88.1409	88.5855	88.7914	88.7918	88.4996	88.1435	87.5028	0
87.1027	87.7206	88.1265	88.3379	88.3376	88.0915	87.7176	87.0682	0
86.4414	87.0712	87.498	87.7118	87.7361	87.481	87.0762	86.4286	0
0	0	0	0	0	0	0	0	0
]
color_range = [80 110];
figure(1)
subplot(4,1,1), pcolor(XY0), axis off, caxis( color_range ), colormap(jet)
subplot(4,1,2), pcolor(XY1), axis off, caxis( color_range ), colormap(jet)
subplot(4,1,3), pcolor(XY2), axis off, caxis( color_range ), colormap(jet)
subplot(4,1,4), pcolor(XY3), axis off, caxis( color_range ), colormap(jet)
set(gcf, 'PaperPosition', [1 1 7 30]);
print(gcf,'-djpeg','-r0','R_routing-0_sel-6_BL_pir-0.020000_traffic-0.txt-100000.jpg')

XY0 = [
87.9063	88.986	89.7788	90.1665	90.1962	89.8289	89.0191	87.8366	0
89.1484	90.2037	91.0041	91.396	91.4233	91.009	90.2128	88.9998	0
90.0107	90.9964	91.7755	92.1593	92.169	91.8165	90.9899	89.8002	0
90.4225	91.3808	92.1489	92.55	92.5358	92.1917	91.3991	90.2126	0
90.4237	91.3964	92.1485	92.5539	92.5463	92.1774	91.3942	90.2067	0
89.975	90.9815	91.7559	92.14	92.1634	91.7341	90.9641	89.8143	0
89.1875	90.2541	91.013	91.3889	91.4172	91.0436	90.2179	89.0428	0
87.9287	89.079	89.8715	90.282	90.3046	89.9115	89.0819	87.8684	0
0	0	0	0	0	0	0	0	0
]
XY1 = [
87.801	88.8513	89.6471	90.017	89.997	89.6331	88.8885	87.7046	0
89.0366	90.0174	90.7947	91.1421	91.1508	90.8076	90.0663	88.8604	0
89.8419	90.7654	91.5695	91.9274	91.9474	91.5853	90.8108	89.6496	0
90.2605	91.1584	91.9163	92.3072	92.3194	91.9483	91.1909	90.044	0
90.2596	91.2022	91.9691	92.3136	92.3467	91.9828	91.1781	90.0644	0
89.839	90.774	91.5716	91.9321	91.9854	91.6108	90.8016	89.6468	0
89.0295	90.0179	90.7838	91.1657	91.2037	90.8809	90.0752	88.9067	0
87.8343	88.9319	89.7291	90.1031	90.0989	89.736	88.9272	87.7623	0
0	0	0	0	0	0	0	0	0
]
XY2 = [
87.8046	88.8324	89.6017	89.986	89.9765	89.61	88.8422	87.6558	0
89.0316	89.9923	90.7421	91.1182	91.1161	90.7684	89.9917	88.8247	0
89.8301	90.7411	91.4638	91.9154	91.8717	91.5475	90.7435	89.6216	0
90.2089	91.1242	91.8736	92.2636	92.2244	91.9101	91.1406	90.0297	0
90.1992	91.1408	91.8447	92.2699	92.2151	91.9186	91.1223	89.9928	0
89.8371	90.7833	91.4827	91.8674	91.8724	91.5505	90.7469	89.5793	0
89.0298	90.0079	90.7203	91.1291	91.1136	90.8268	90.0401	88.8623	0
87.8325	88.9298	89.6715	90.0405	90.0046	89.6465	88.866	87.7001	0
0	0	0	0	0	0	0	0	0
]
XY3 = [
87.5016	88.4678	89.187	89.524	89.535	89.1681	88.4645	87.4223	0
88.5681	89.5115	90.195	90.6279	90.559	90.1985	89.5352	88.4915	0
89.2972	90.2114	90.9036	91.2939	91.2702	90.9245	90.2308	89.1997	0
89.6618	90.5534	91.2765	91.6631	91.6396	91.2788	90.5843	89.5421	0
89.6578	90.547	91.2465	91.5956	91.5938	91.2269	90.5532	89.5201	0
89.3243	90.2473	90.9781	91.2843	91.2891	90.8961	90.2424	89.2174	0
88.6125	89.5126	90.2318	90.5468	90.5724	90.2052	89.564	88.5134	0
87.5324	88.5155	89.2448	89.6023	89.5941	89.2353	88.5513	87.4977	0
0	0	0	0	0	0	0	0	0
]
color_range = [80 110];
figure(1)
subplot(4,1,1), pcolor(XY0), axis off, caxis( color_range ), colormap(jet)
subplot(4,1,2), pcolor(XY1), axis off, caxis( color_range ), colormap(jet)
subplot(4,1,3), pcolor(XY2), axis off, caxis( color_range ), colormap(jet)
subplot(4,1,4), pcolor(XY3), axis off, caxis( color_range ), colormap(jet)
set(gcf, 'PaperPosition', [1 1 7 30]);
print(gcf,'-djpeg','-r0','R_routing-0_sel-6_BL_pir-0.020000_traffic-0.txt-200000.jpg')

XY0 = [
89.1112	90.459	91.5326	92.0402	92.0675	91.5877	90.4925	88.9296	0
90.8543	92.058	93.1189	93.6152	93.6342	93.168	92.0562	90.4868	0
91.9933	93.097	94.1546	94.6616	94.6466	94.2261	93.1296	91.5493	0
92.5341	93.6312	94.6659	95.1992	95.1529	94.7123	93.6745	92.1034	0
92.5594	93.6341	94.677	95.2111	95.1305	94.7311	93.6762	92.1156	0
91.9376	93.0764	94.1544	94.6782	94.6698	94.1886	93.1452	91.5707	0
90.8206	92.086	93.1307	93.6291	93.6402	93.1848	92.0846	90.517	0
89.1719	90.6552	91.7372	92.2834	92.2999	91.784	90.6561	88.9918	0
0	0	0	0	0	0	0	0	0
]
XY1 = [
88.9597	90.2908	91.3406	91.8543	91.8317	91.3603	90.3261	88.7652	0
90.6899	91.8708	92.8853	93.3751	93.3573	92.8952	91.911	90.3333	0
91.7709	92.8649	93.8965	94.4055	94.3942	93.908	92.9189	91.3677	0
92.3325	93.3909	94.3518	94.9169	94.9025	94.4204	93.4369	91.9086	0
92.334	93.3861	94.3813	94.8777	94.9083	94.4169	93.3875	91.9082	0
91.7574	92.8971	93.9321	94.4348	94.482	93.972	92.9363	91.4058	0
90.662	91.8812	92.8936	93.4124	93.425	92.9971	91.9298	90.3757	0
89.0904	90.4862	91.5735	92.0774	92.0617	91.5269	90.4427	88.8726	0
0	0	0	0	0	0	0	0	0
]
XY2 = [
88.9342	90.217	91.2343	91.7642	91.759	91.2757	90.2373	88.6978	0
90.5964	91.7539	92.7609	93.2525	93.2004	92.7818	91.7294	90.2409	0
91.6937	92.7598	93.7488	94.2928	94.2411	93.8195	92.7417	91.284	0
92.2252	93.3006	94.2757	94.7806	94.7497	94.3242	93.2645	91.8107	0
92.2247	93.335	94.2506	94.7921	94.7809	94.33	93.2537	91.7979	0
91.7021	92.7989	93.7334	94.2236	94.2557	93.7958	92.75	91.2587	0
90.5762	91.7933	92.7322	93.271	93.28	92.856	91.8224	90.31	0
88.9883	90.3841	91.3924	91.8902	91.906	91.3995	90.3508	88.7913	0
0	0	0	0	0	0	0	0	0
]
XY3 = [
88.4144	89.5582	90.4529	90.8979	90.9256	90.4609	89.5359	88.2323	0
89.8236	90.8913	91.8098	92.2958	92.2542	91.7948	90.9314	89.6031	0
90.7938	91.7613	92.6971	93.1672	93.1521	92.7209	91.8241	90.4895	0
91.2324	92.1759	93.1061	93.5652	93.5589	93.1653	92.2686	90.9426	0
91.2391	92.231	93.1216	93.5422	93.5735	93.1344	92.2278	90.9288	0
90.7975	91.8021	92.7152	93.0942	93.1323	92.6688	91.8006	90.472	0
89.8451	90.9089	91.8112	92.2291	92.2739	91.8021	90.9513	89.6011	0
88.4548	89.6659	90.5974	91.0573	91.0369	90.5642	89.6564	88.3106	0
0	0	0	0	0	0	0	0	0
]
color_range = [80 110];
figure(1)
subplot(4,1,1), pcolor(XY0), axis off, caxis( color_range ), colormap(jet)
subplot(4,1,2), pcolor(XY1), axis off, caxis( color_range ), colormap(jet)
subplot(4,1,3), pcolor(XY2), axis off, caxis( color_range ), colormap(jet)
subplot(4,1,4), pcolor(XY3), axis off, caxis( color_range ), colormap(jet)
set(gcf, 'PaperPosition', [1 1 7 30]);
print(gcf,'-djpeg','-r0','R_routing-0_sel-6_BL_pir-0.020000_traffic-0.txt-300000.jpg')

XY0 = [
90.1932	91.7401	93.0291	93.6247	93.6664	93.0657	91.7792	89.8855	0
92.3447	93.6863	94.9758	95.5732	95.5689	94.993	93.6618	91.8239	0
93.758	94.9367	96.2304	96.8149	96.7877	96.2634	94.9298	93.0349	0
94.4479	95.5945	96.8308	97.4771	97.4335	96.8916	95.6089	93.702	0
94.4534	95.5786	96.8362	97.5006	97.4656	96.901	95.5954	93.732	0
93.7088	94.9415	96.2402	96.8933	96.917	96.2685	94.9627	93.0786	0
92.3501	93.714	94.9767	95.5568	95.555	94.9764	93.6396	91.8233	0
90.3682	92.0259	93.3645	93.9947	94.0364	93.4044	92.0215	90.027	0
0	0	0	0	0	0	0	0	0
]
XY1 = [
90.0525	91.573	92.8638	93.4759	93.4347	92.8368	91.6168	89.7123	0
92.1847	93.4438	94.7085	95.2911	95.253	94.6924	93.4714	91.5841	0
93.5154	94.6765	95.9104	96.5221	96.4822	95.9309	94.6966	92.7966	0
94.2072	95.3394	96.4918	97.1261	97.1007	96.5322	95.3469	93.4583	0
94.1933	95.3209	96.5231	97.1047	97.1165	96.551	95.3357	93.4678	0
93.5226	94.7184	95.9524	96.5248	96.5716	96.0053	94.7765	92.8719	0
92.1853	93.4799	94.7286	95.3144	95.3443	94.8097	93.536	91.64	0
90.2556	91.8265	93.1481	93.7731	93.7838	93.1457	91.8417	89.8736	0
0	0	0	0	0	0	0	0	0
]
XY2 = [
89.9474	91.4153	92.6573	93.2689	93.2838	92.6762	91.425	89.6054	0
91.9661	93.2527	94.4309	95.0141	94.9814	94.4524	93.2163	91.4391	0
93.3127	94.4941	95.6855	96.2925	96.2551	95.7184	94.4713	92.6707	0
93.9718	95.1183	96.2638	96.8231	96.8322	96.289	95.0682	93.2782	0
93.9599	95.1035	96.2283	96.8258	96.8394	96.2879	95.0311	93.2537	0
93.328	94.4958	95.6581	96.1903	96.2273	95.6723	94.4559	92.6477	0
91.9636	93.2798	94.4288	95.0585	95.0826	94.5414	93.3313	91.4909	0
90.065	91.6857	92.9037	93.5362	93.5296	92.9191	91.6399	89.7297	0
0	0	0	0	0	0	0	0	0
]
XY3 = [
89.1571	90.4314	91.4409	91.9721	92.0051	91.4688	90.4535	88.8901	0
90.834	92.0137	93.0099	93.5479	93.503	92.9779	92.0216	90.488	0
92.0104	93.0333	94.0509	94.6065	94.6086	94.0715	93.0891	91.55	0
92.5658	93.5391	94.5427	95.1327	95.1127	94.5964	93.5785	92.042	0
92.5294	93.5362	94.5019	95.051	95.0893	94.5768	93.5442	92.0287	0
92.003	93.0414	94.065	94.5581	94.5893	94.0728	93.0376	91.4949	0
90.8455	91.989	92.9714	93.5159	93.5726	93.0575	92.025	90.47	0
89.2468	90.5991	91.6925	92.2593	92.2531	91.7134	90.6211	89.0022	0
0	0	0	0	0	0	0	0	0
]
color_range = [80 110];
figure(1)
subplot(4,1,1), pcolor(XY0), axis off, caxis( color_range ), colormap(jet)
subplot(4,1,2), pcolor(XY1), axis off, caxis( color_range ), colormap(jet)
subplot(4,1,3), pcolor(XY2), axis off, caxis( color_range ), colormap(jet)
subplot(4,1,4), pcolor(XY3), axis off, caxis( color_range ), colormap(jet)
set(gcf, 'PaperPosition', [1 1 7 30]);
print(gcf,'-djpeg','-r0','R_routing-0_sel-6_BL_pir-0.020000_traffic-0.txt-400000.jpg')

XY0 = [
91.2685	92.9221	94.3764	95.0884	95.0827	94.404	92.9464	90.7656	0
93.7723	95.1396	96.5962	97.2787	97.2634	96.5647	95.0955	92.9874	0
95.3995	96.5389	98.0106	98.6572	98.667	98.0203	96.5604	94.4124	0
96.1927	97.2493	98.6973	99.4061	99.3905	98.761	97.3155	95.1497	0
96.2303	97.2867	98.7119	99.4314	99.4208	98.7945	97.3224	95.2034	0
95.3485	96.5467	97.985	98.7037	98.7389	98.061	96.5853	94.4617	0
93.7321	95.1061	96.5355	97.2201	97.2327	96.6248	95.1113	93.0017	0
91.4979	93.312	94.8626	95.6201	95.6647	94.9008	93.3404	91.0028	0
0	0	0	0	0	0	0	0	0
]
XY1 = [
91.1036	92.6959	94.1667	94.836	94.8216	94.1856	92.7421	90.5781	0
93.5724	94.8342	96.2635	96.9526	96.9159	96.3009	94.8977	92.7329	0
95.1439	96.267	97.6511	98.3801	98.3463	97.7246	96.2864	94.1559	0
95.92	96.9232	98.3156	99.0866	99.0444	98.4431	97.0303	94.9068	0
95.9358	96.9791	98.3732	99.0745	99.087	98.4323	96.993	94.9155	0
95.1324	96.2675	97.7088	98.4113	98.4581	97.7578	96.3377	94.2111	0
93.5291	94.8921	96.294	97.0007	97.0627	96.4042	94.9334	92.8039	0
91.3352	93.0842	94.6068	95.3658	95.3657	94.6082	93.0979	90.8185	0
0	0	0	0	0	0	0	0	0
]
XY2 = [
90.8723	92.4889	93.8545	94.5506	94.5651	93.8892	92.4953	90.3859	0
93.2171	94.5591	95.861	96.5369	96.5298	95.9184	94.5248	92.464	0
94.7911	95.9586	97.288	97.9848	97.9486	97.3449	95.9463	93.8715	0
95.5601	96.6143	97.9402	98.6461	98.6388	97.9979	96.6078	94.5629	0
95.536	96.634	97.9198	98.595	98.6252	97.9892	96.5717	94.5365	0
94.7759	95.9497	97.2844	97.9462	97.9854	97.3074	95.9383	93.8587	0
93.2004	94.5627	95.8718	96.5869	96.6184	95.9827	94.6178	92.5422	0
91.0772	92.7961	94.2408	94.981	94.9822	94.2485	92.7947	90.6046	0
0	0	0	0	0	0	0	0	0
]
XY3 = [
89.7997	91.164	92.3048	92.8759	92.8621	92.3202	91.1593	89.4563	0
91.6834	92.8699	94.0058	94.5977	94.5424	94.0157	92.9063	91.2098	0
93.0331	94.0379	95.1776	95.7733	95.7734	95.2218	94.0964	92.3916	0
93.638	94.592	95.7191	96.3311	96.3574	95.7968	94.6713	92.9224	0
93.596	94.6061	95.7095	96.2564	96.3626	95.7959	94.6508	92.9202	0
92.9941	94.0318	95.1763	95.6803	95.7722	95.1819	94.0524	92.3238	0
91.6953	92.8637	93.9978	94.5798	94.6592	94.0959	92.9302	91.1852	0
89.9459	91.3698	92.6034	93.233	93.2461	92.6581	91.4392	89.5938	0
0	0	0	0	0	0	0	0	0
]
color_range = [80 110];
figure(1)
subplot(4,1,1), pcolor(XY0), axis off, caxis( color_range ), colormap(jet)
subplot(4,1,2), pcolor(XY1), axis off, caxis( color_range ), colormap(jet)
subplot(4,1,3), pcolor(XY2), axis off, caxis( color_range ), colormap(jet)
subplot(4,1,4), pcolor(XY3), axis off, caxis( color_range ), colormap(jet)
set(gcf, 'PaperPosition', [1 1 7 30]);
print(gcf,'-djpeg','-r0','R_routing-0_sel-6_BL_pir-0.020000_traffic-0.txt-500000.jpg')

XY0 = [
92.2685	93.9707	95.5452	96.3528	96.3184	95.5862	93.9863	91.5888	0
95.0902	96.4026	97.9789	98.7667	98.6784	97.9421	96.3681	94.0311	0
96.9306	97.9917	99.617	100.388	100.354	99.5925	97.9888	95.6169	0
97.8291	98.7404	100.328	101.172	101.091	100.382	98.8284	96.4675	0
97.86	98.7705	100.343	101.183	101.136	100.388	98.8247	96.4554	0
96.8969	97.9339	99.5716	100.37	100.374	99.5765	97.997	95.6281	0
95.0407	96.3831	97.996	98.7374	98.7357	98.0117	96.3921	94.0191	0
92.5946	94.4782	96.2502	97.0512	97.0812	96.201	94.4879	91.855	0
0	0	0	0	0	0	0	0	0
]
XY1 = [
92.0766	93.7242	95.3267	96.0747	96.0754	95.3546	93.777	91.4137	0
94.8496	96.1103	97.6601	98.4251	98.4013	97.7021	96.1535	93.7895	0
96.6296	97.7048	99.2421	100.029	99.9744	99.2648	97.6851	95.3496	0
97.5265	98.4635	99.9819	100.791	100.764	100.026	98.5262	96.1641	0
97.5224	98.4587	99.9914	100.783	100.762	100.002	98.4563	96.1744	0
96.5933	97.6428	99.2769	100.018	100.047	99.2616	97.7254	95.3752	0
94.7859	96.111	97.6751	98.4471	98.4693	97.7571	96.1676	93.8117	0
92.3848	94.2169	95.9081	96.7543	96.7666	95.9039	94.2361	91.6878	0
0	0	0	0	0	0	0	0	0
]
XY2 = [
91.7463	93.4138	94.9063	95.6719	95.6933	94.9535	93.4317	91.1565	0
94.38	95.7054	97.1453	97.8798	97.8775	97.2045	95.678	93.4383	0
96.1366	97.2408	98.6752	99.4658	99.4544	98.7741	97.225	95.0015	0
96.9971	97.9723	99.4168	100.181	100.187	99.4911	97.9735	95.7574	0
96.9456	97.9425	99.3531	100.12	100.151	99.4545	97.9056	95.6894	0
96.101	97.2071	98.7055	99.439	99.4562	98.7192	97.2279	94.9502	0
94.357	95.7072	97.1985	97.9377	97.9421	97.2592	95.7327	93.4859	0
92.0159	93.7908	95.4173	96.227	96.2441	95.4358	93.8448	91.4184	0
0	0	0	0	0	0	0	0	0
]
XY3 = [
90.3691	91.768	93.015	93.6287	93.6316	93.0262	91.7547	89.9388	0
92.4522	93.6253	94.8533	95.491	95.4393	94.8851	93.6469	91.8336	0
93.9044	94.8753	96.1485	96.7602	96.7398	96.1472	94.8873	93.1109	0
94.6161	95.4897	96.7207	97.3727	97.3722	96.7629	95.5102	93.6859	0
94.5656	95.4918	96.6848	97.3167	97.3345	96.7708	95.4998	93.6551	0
93.8812	94.9041	96.1115	96.6928	96.7358	96.1301	94.8876	93.0235	0
92.4636	93.6183	94.8434	95.4488	95.4949	94.8918	93.6604	91.7982	0
90.5905	92.0664	93.3789	94.0684	94.078	93.4131	92.108	90.1111	0
0	0	0	0	0	0	0	0	0
]
color_range = [80 110];
figure(1)
subplot(4,1,1), pcolor(XY0), axis off, caxis( color_range ), colormap(jet)
subplot(4,1,2), pcolor(XY1), axis off, caxis( color_range ), colormap(jet)
subplot(4,1,3), pcolor(XY2), axis off, caxis( color_range ), colormap(jet)
subplot(4,1,4), pcolor(XY3), axis off, caxis( color_range ), colormap(jet)
set(gcf, 'PaperPosition', [1 1 7 30]);
print(gcf,'-djpeg','-r0','R_routing-0_sel-6_BL_pir-0.020000_traffic-0.txt-600000.jpg')

XY0 = [
93.2052	94.9611	96.6659	97.5407	97.5054	96.6993	94.9844	92.3499	0
96.3085	97.5668	99.3121	100.15	100.071	99.2543	97.5212	94.9896	0
98.3415	99.3046	101.083	101.895	101.853	101.038	99.2985	96.7269	0
99.3276	100.145	101.896	102.765	102.683	101.874	100.187	97.6094	0
99.3543	100.161	101.863	102.726	102.667	101.869	100.137	97.6096	0
98.2911	99.2493	101.001	101.851	101.83	100.975	99.2869	96.7101	0
96.2617	97.5637	99.2961	100.103	100.084	99.305	97.5444	95.0073	0
93.6294	95.5929	97.5353	98.4279	98.4075	97.4904	95.5964	92.7224	0
0	0	0	0	0	0	0	0	0
]
XY1 = [
92.9771	94.6947	96.4336	97.2707	97.2725	96.4524	94.7622	92.165	0
95.9951	97.2555	98.946	99.7275	99.727	98.8972	97.2852	94.7079	0
97.9897	98.96	100.651	101.468	101.456	100.673	98.9907	96.3958	0
98.9871	99.7754	101.443	102.28	102.29	101.481	99.8761	97.301	0
98.9573	99.7834	101.462	102.314	102.31	101.453	99.8027	97.3048	0
97.9888	98.9519	100.673	101.509	101.538	100.642	98.9969	96.4376	0
95.9658	97.3047	98.9736	99.8094	99.8268	99.0031	97.2836	94.7507	0
93.3974	95.3003	97.1595	98.1	98.1001	97.1279	95.2988	92.5114	0
0	0	0	0	0	0	0	0	0
]
XY2 = [
92.5576	94.2473	95.8432	96.6622	96.6763	95.8755	94.2543	91.8154	0
95.4579	96.7331	98.3059	99.0939	99.0656	98.2945	96.6563	94.2713	0
97.3653	98.3321	99.9005	100.743	100.74	99.9523	98.3602	95.9322	0
98.3049	99.1211	100.738	101.551	101.555	100.75	99.1479	96.7623	0
98.2639	99.1021	100.645	101.494	101.518	100.721	99.0912	96.6885	0
97.3199	98.2888	99.8976	100.704	100.722	99.9309	98.3429	95.8888	0
95.4359	96.7074	98.3338	99.1117	99.1068	98.3285	96.7162	94.3079	0
92.9243	94.746	96.5442	97.4185	97.4163	96.537	94.7721	92.1261	0
0	0	0	0	0	0	0	0	0
]
XY3 = [
90.8951	92.3324	93.625	94.2627	94.275	93.6101	92.3118	90.359	0
93.178	94.3421	95.5932	96.2606	96.2394	95.5983	94.3049	92.3564	0
94.7185	95.6252	96.9165	97.5687	97.5955	96.9257	95.6369	93.6942	0
95.4746	96.2545	97.557	98.1922	98.2591	97.5761	96.2648	94.3346	0
95.4299	96.2812	97.5187	98.1987	98.2496	97.5832	96.2533	94.3153	0
94.6865	95.6563	96.9198	97.554	97.6088	96.8963	95.5964	93.6683	0
93.1457	94.3018	95.5758	96.2183	96.2723	95.6173	94.3289	92.3702	0
91.1724	92.686	94.0928	94.7887	94.842	94.1428	92.7143	90.5972	0
0	0	0	0	0	0	0	0	0
]
color_range = [80 110];
figure(1)
subplot(4,1,1), pcolor(XY0), axis off, caxis( color_range ), colormap(jet)
subplot(4,1,2), pcolor(XY1), axis off, caxis( color_range ), colormap(jet)
subplot(4,1,3), pcolor(XY2), axis off, caxis( color_range ), colormap(jet)
subplot(4,1,4), pcolor(XY3), axis off, caxis( color_range ), colormap(jet)
set(gcf, 'PaperPosition', [1 1 7 30]);
print(gcf,'-djpeg','-r0','R_routing-0_sel-6_BL_pir-0.020000_traffic-0.txt-700000.jpg')

XY0 = [
94.0974	95.8658	97.66	98.5862	98.5713	97.7377	95.9126	93.1082	0
97.4247	98.6794	100.483	101.375	101.323	100.447	98.6442	95.899	0
99.6244	100.5	102.353	103.259	103.194	102.368	100.506	97.7858	0
100.73	101.387	103.221	104.183	104.074	103.257	101.429	98.6825	0
100.749	101.415	103.241	104.16	104.064	103.268	101.403	98.6988	0
99.6228	100.454	102.321	103.263	103.194	102.328	100.473	97.7419	0
97.4124	98.6763	100.517	101.457	101.392	100.577	98.6529	95.9188	0
94.635	96.6548	98.7314	99.7394	99.7075	98.7058	96.6227	93.5118	0
0	0	0	0	0	0	0	0	0
]
XY1 = [
93.8424	95.6059	97.4389	98.3063	98.2828	97.4412	95.6296	92.8743	0
97.1147	98.3304	100.093	100.93	100.924	100.072	98.3155	95.5726	0
99.2697	100.17	101.937	102.777	102.804	101.939	100.138	97.3766	0
100.342	101.045	102.813	103.662	103.685	102.8	101.049	98.3309	0
100.323	101.052	102.774	103.695	103.717	102.799	101.029	98.3199	0
99.2675	100.125	101.897	102.772	102.834	101.878	100.123	97.3881	0
97.0837	98.3664	100.126	101.04	101.058	100.158	98.3281	95.609	0
94.3445	96.3074	98.3189	99.3254	99.3221	98.2908	96.2952	93.2808	0
0	0	0	0	0	0	0	0	0
]
XY2 = [
93.2763	94.992	96.6825	97.5359	97.5331	96.7133	94.9963	92.438	0
96.3845	97.6613	99.2822	100.159	100.127	99.2933	97.5788	95.022	0
98.4222	99.3503	101.009	101.898	101.901	101.036	99.3241	96.7608	0
99.4205	100.205	101.885	102.731	102.717	101.837	100.171	97.634	0
99.3801	100.168	101.808	102.717	102.702	101.835	100.15	97.5892	0
98.3934	99.3486	101.055	101.868	101.896	100.991	99.3474	96.7425	0
96.3706	97.6359	99.3513	100.136	100.156	99.3315	97.6357	95.0569	0
93.7329	95.6654	97.5768	98.492	98.5068	97.5459	95.6609	92.7884	0
0	0	0	0	0	0	0	0	0
]
XY3 = [
91.366	92.8396	94.1852	94.842	94.8498	94.1566	92.8286	90.795	0
93.8146	94.9178	96.2216	96.9108	96.9082	96.2155	94.8628	92.8607	0
95.4324	96.2456	97.5864	98.3158	98.3601	97.6338	96.2613	94.2708	0
96.2327	96.9517	98.2871	98.979	99.0115	98.2903	96.914	94.9032	0
96.1724	96.9553	98.2656	98.968	98.9821	98.3213	96.9319	94.927	0
95.4047	96.283	97.6593	98.3378	98.3121	97.6438	96.2737	94.2588	0
93.7648	94.8713	96.2464	96.9129	96.9049	96.2621	94.9116	92.8728	0
91.7189	93.2968	94.7907	95.5198	95.5271	94.7981	93.281	91.0254	0
0	0	0	0	0	0	0	0	0
]
color_range = [80 110];
figure(1)
subplot(4,1,1), pcolor(XY0), axis off, caxis( color_range ), colormap(jet)
subplot(4,1,2), pcolor(XY1), axis off, caxis( color_range ), colormap(jet)
subplot(4,1,3), pcolor(XY2), axis off, caxis( color_range ), colormap(jet)
subplot(4,1,4), pcolor(XY3), axis off, caxis( color_range ), colormap(jet)
set(gcf, 'PaperPosition', [1 1 7 30]);
print(gcf,'-djpeg','-r0','R_routing-0_sel-6_BL_pir-0.020000_traffic-0.txt-800000.jpg')

#Steady State Temp.
XY0 = [
200.301	203.372	209.198	212.521	212.487	209.087	202.028	191.841	0
215.926	217.642	224.032	227.731	227.608	223.649	215.601	203.891	0
226.512	227.098	233.754	237.738	237.682	233.538	224.89	212.159	0
231.692	231.706	238.402	242.561	242.481	238.231	229.403	216.179	0
231.541	231.494	238.118	242.3	242.281	238.016	229.155	215.983	0
226.028	226.499	233.126	237.183	237.218	232.948	224.363	211.645	0
215.949	217.677	224.145	227.985	227.996	224.006	215.598	203.642	0
208.111	212.167	219.948	224.379	224.378	219.608	210.075	196.798	0
0	0	0	0	0	0	0	0	0
]
XY1 = [
199.064	202.162	207.95	211.235	211.2	207.838	200.865	190.787	0
214.502	216.276	222.617	226.279	226.165	222.258	214.312	202.716	0
224.946	225.63	232.239	236.19	236.145	232.043	223.498	210.894	0
230.057	230.185	236.838	240.956	240.897	236.685	227.963	214.877	0
229.896	229.972	236.555	240.696	240.699	236.466	227.709	214.678	0
224.464	225.036	231.619	235.627	235.68	231.453	222.971	210.384	0
214.493	216.284	222.697	226.501	226.526	222.578	214.28	202.452	0
206.662	210.712	218.396	222.769	222.767	218.063	208.679	195.596	0
0	0	0	0	0	0	0	0	0
]
XY2 = [
194.964	198.171	203.85	207.013	206.975	203.732	197.032	187.299	0
209.797	211.786	217.978	221.525	221.44	217.698	210.082	198.845	0
219.779	220.812	227.28	231.127	231.117	227.15	218.936	206.735	0
224.667	225.195	231.718	235.709	235.717	231.624	223.247	210.601	0
224.473	224.982	231.44	235.45	235.524	231.392	222.973	210.393	0
219.304	220.235	226.682	230.536	230.649	226.556	218.411	206.241	0
209.683	211.702	217.947	221.638	221.709	217.896	209.952	198.534	0
201.851	205.904	213.278	217.462	217.457	212.965	204.069	191.612	0
0	0	0	0	0	0	0	0	0
]
XY3 = [
192.461	195.734	201.292	204.387	204.36	201.196	194.671	185.188	0
206.881	209.039	215.116	218.596	218.519	214.874	207.44	196.487	0
216.576	217.839	224.205	227.989	227.985	224.115	216.098	204.198	0
221.313	222.113	228.552	232.462	232.479	228.485	220.3	207.964	0
221.111	221.896	228.257	232.195	232.274	228.249	220.027	207.745	0
216.094	217.263	223.602	227.371	227.482	223.5	215.559	203.684	0
206.719	208.887	215.012	218.614	218.683	214.977	207.26	196.136	0
198.903	202.969	210.129	214.179	214.177	209.841	201.246	189.184	0
0	0	0	0	0	0	0	0	0
]
color_range = [80 110];
figure(1)
subplot(4,1,1), pcolor(XY0), axis off, caxis( color_range ), colormap(jet)
subplot(4,1,2), pcolor(XY1), axis off, caxis( color_range ), colormap(jet)
subplot(4,1,3), pcolor(XY2), axis off, caxis( color_range ), colormap(jet)
subplot(4,1,4), pcolor(XY3), axis off, caxis( color_range ), colormap(jet)
set(gcf, 'PaperPosition', [1 1 7 30]);
print(gcf,'-djpeg','-r0','SS_routing-0_sel-6_BL_pir-0.020000_traffic-0.txt-800000.jpg')
