XY0 = [
86.4453	87.0609	87.4486	87.6404	87.6434	87.4352	87.0101	86.404	0
87.06	87.6281	88.0731	88.2524	88.2618	88.0593	87.6371	87.036	0
87.4849	88.0444	88.4665	88.6728	88.6943	88.4491	88.0214	87.4218	0
87.6917	88.2575	88.6555	88.8626	88.9149	88.6908	88.2353	87.6609	0
87.696	88.2655	88.6475	88.8671	88.8471	88.6685	88.2621	87.6563	0
87.4903	88.0704	88.4767	88.6711	88.6629	88.4691	88.0599	87.4469	0
87.0434	87.6423	88.0457	88.2472	88.2565	88.0502	87.6568	87.0263	0
86.4452	87.0694	87.4615	87.6694	87.675	87.4479	87.0207	86.4171	0
0	0	0	0	0	0	0	0	0
]
XY1 = [
86.3733	86.9765	87.3631	87.5807	87.5722	87.3908	86.9583	86.3644	0
86.9505	87.5795	87.9573	88.167	88.1278	87.9746	87.567	86.9526	0
87.3838	87.9944	88.3645	88.5754	88.5678	88.3606	87.9734	87.3452	0
87.5638	88.1715	88.5485	88.7809	88.7803	88.5708	88.1716	87.5798	0
87.5815	88.1586	88.5498	88.7987	88.745	88.5813	88.1603	87.5494	0
87.373	87.9342	88.3102	88.5603	88.5459	88.3505	87.9304	87.3382	0
87.0081	87.5751	87.9515	88.213	88.208	87.9866	87.5682	86.9733	0
86.4117	86.9597	87.3448	87.5788	87.5846	87.3442	86.9504	86.3821	0
0	0	0	0	0	0	0	0	0
]
XY2 = [
86.3712	86.978	87.3699	87.5713	87.5479	87.3642	86.95	86.3553	0
86.9843	87.5456	87.9459	88.1299	88.137	87.9197	87.5226	86.9395	0
87.4164	87.9868	88.3562	88.6057	88.6046	88.4077	87.9873	87.3778	0
87.611	88.168	88.5458	88.7581	88.7741	88.5321	88.1304	87.6004	0
87.6142	88.1445	88.5533	88.7792	88.7936	88.5597	88.1738	87.6349	0
87.4097	87.9613	88.4006	88.5932	88.5967	88.3827	87.9555	87.4036	0
87.0211	87.5822	87.9637	88.1997	88.1993	87.9888	87.591	86.9887	0
86.4191	86.978	87.36	87.602	87.6058	87.3895	86.9889	86.3897	0
0	0	0	0	0	0	0	0	0
]
XY3 = [
86.3322	86.8882	87.2845	87.4809	87.4643	87.2699	86.8848	86.2966	0
86.928	87.4546	87.8941	88.0625	88.0309	87.8388	87.4593	86.8556	0
87.3322	87.832	88.2359	88.4381	88.4285	88.2248	87.856	87.2424	0
87.5192	88.0269	88.4035	88.6044	88.574	88.3917	88.0194	87.4698	0
87.5227	88.0362	88.3882	88.5876	88.5636	88.3806	88.0071	87.4608	0
87.3165	87.8493	88.1995	88.4118	88.4254	88.1872	87.7722	87.2546	0
86.9044	87.4547	87.8317	88.0392	88.0154	87.8163	87.4235	86.8617	0
86.3348	86.8968	87.2853	87.4691	87.4526	87.2582	86.8894	86.3149	0
0	0	0	0	0	0	0	0	0
]
color_range = [80 110];
figure(1)
subplot(4,1,1), pcolor(XY0), axis off, caxis( color_range ), colormap(jet)
subplot(4,1,2), pcolor(XY1), axis off, caxis( color_range ), colormap(jet)
subplot(4,1,3), pcolor(XY2), axis off, caxis( color_range ), colormap(jet)
subplot(4,1,4), pcolor(XY3), axis off, caxis( color_range ), colormap(jet)
set(gcf, 'PaperPosition', [1 1 7 30]);
print(gcf,'-djpeg','-r0','R_routing-0_sel-6_BL_pir-0.018000_traffic-0.txt-100000.jpg')

XY0 = [
87.6422	88.628	89.3392	89.6788	89.6713	89.3691	88.5845	87.5378	0
88.7394	89.6482	90.3814	90.7205	90.7457	90.4447	89.6882	88.6359	0
89.5008	90.4042	91.1146	91.4768	91.5285	91.1871	90.4165	89.3649	0
89.8598	90.7247	91.4441	91.8139	91.8788	91.5363	90.748	89.754	0
89.8666	90.7241	91.455	91.8639	91.8019	91.5033	90.7399	89.7196	0
89.5051	90.3838	91.0976	91.4782	91.4521	91.1363	90.3934	89.3748	0
88.7316	89.6515	90.3657	90.7529	90.7801	90.4016	89.6992	88.651	0
87.6696	88.6605	89.401	89.7723	89.7864	89.3819	88.6318	87.5811	0
0	0	0	0	0	0	0	0	0
]
XY1 = [
87.5244	88.5113	89.1909	89.5138	89.5281	89.234	88.4885	87.4517	0
88.5879	89.5242	90.2485	90.5802	90.5601	90.274	89.5405	88.4894	0
89.331	90.2306	90.9143	91.2728	91.2782	90.9357	90.2371	89.1606	0
89.6757	90.5739	91.2138	91.5772	91.6209	91.2781	90.5593	89.5374	0
89.688	90.5694	91.2449	91.6314	91.5969	91.2776	90.5506	89.5196	0
89.3562	90.2056	90.8878	91.2772	91.2611	90.9402	90.2008	89.1917	0
88.6405	89.5494	90.2076	90.6413	90.6198	90.2565	89.5521	88.4941	0
87.5996	88.5392	89.2294	89.6248	89.609	89.2248	88.5279	87.5036	0
0	0	0	0	0	0	0	0	0
]
XY2 = [
87.519	88.4603	89.1399	89.4676	89.4836	89.1591	88.4636	87.4328	0
88.5842	89.4926	90.1947	90.4981	90.5188	90.1736	89.5157	88.4767	0
89.321	90.2067	90.9186	91.2538	91.2562	90.9166	90.2403	89.1958	0
89.6685	90.542	91.2549	91.5861	91.614	91.2294	90.5642	89.55	0
89.6607	90.5434	91.2267	91.5661	91.5766	91.1534	90.5249	89.5788	0
89.2748	90.1826	90.8945	91.2231	91.235	90.8522	90.1569	89.1958	0
88.6018	89.5321	90.1852	90.538	90.5849	90.2107	89.5214	88.4853	0
87.5898	88.545	89.234	89.6257	89.6482	89.2426	88.5338	87.478	0
0	0	0	0	0	0	0	0	0
]
XY3 = [
87.3006	88.1711	88.8036	89.1232	89.1006	88.8155	88.1982	87.2438	0
88.3118	89.1132	89.76	90.1064	90.059	89.73	89.1381	88.1518	0
88.9689	89.7403	90.334	90.6985	90.6686	90.3268	89.7681	88.7889	0
89.2981	90.0441	90.6377	90.9796	90.9572	90.6239	90.0525	89.1322	0
89.3242	90.0607	90.6078	90.988	90.9857	90.6606	90.0654	89.1319	0
88.9526	89.7297	90.2803	90.6588	90.6936	90.3333	89.713	88.7867	0
88.2928	89.1204	89.6933	90.0962	90.1134	89.7776	89.1205	88.1432	0
87.328	88.2151	88.8559	89.1964	89.2227	88.8567	88.2288	87.2522	0
0	0	0	0	0	0	0	0	0
]
color_range = [80 110];
figure(1)
subplot(4,1,1), pcolor(XY0), axis off, caxis( color_range ), colormap(jet)
subplot(4,1,2), pcolor(XY1), axis off, caxis( color_range ), colormap(jet)
subplot(4,1,3), pcolor(XY2), axis off, caxis( color_range ), colormap(jet)
subplot(4,1,4), pcolor(XY3), axis off, caxis( color_range ), colormap(jet)
set(gcf, 'PaperPosition', [1 1 7 30]);
print(gcf,'-djpeg','-r0','R_routing-0_sel-6_BL_pir-0.018000_traffic-0.txt-200000.jpg')

XY0 = [
88.7424	89.9582	90.9184	91.4272	91.3792	90.957	89.9396	88.5329	0
90.2708	91.3645	92.3064	92.7783	92.7786	92.3387	91.3528	89.9466	0
91.2927	92.3655	93.2936	93.7648	93.7732	93.3192	92.3601	90.9131	0
91.8072	92.8022	93.7251	94.2314	94.2513	93.7858	92.7903	91.4341	0
91.8401	92.8052	93.754	94.2746	94.2092	93.7637	92.8448	91.4299	0
91.3074	92.3518	93.2697	93.7588	93.7028	93.2474	92.3264	90.9464	0
90.271	91.3697	92.3151	92.805	92.8203	92.3434	91.4028	89.9821	0
88.8327	90.0722	91.0745	91.5794	91.5815	91.0585	90.0276	88.6017	0
0	0	0	0	0	0	0	0	0
]
XY1 = [
88.5848	89.7998	90.6846	91.1714	91.1753	90.7593	89.7846	88.4081	0
90.0852	91.1887	92.081	92.5491	92.5468	92.1831	91.1967	89.8195	0
91.0713	92.1294	92.9989	93.4874	93.5313	93.1252	92.1431	90.7226	0
91.5576	92.5714	93.4317	93.9213	93.9719	93.5547	92.5806	91.2329	0
91.5701	92.5638	93.4323	93.9543	93.9442	93.5274	92.5372	91.2085	0
91.109	92.1018	93.0117	93.5	93.4922	93.0505	92.0692	90.77	0
90.1208	91.216	92.0971	92.5837	92.6065	92.1649	91.2111	89.8317	0
88.7167	89.9426	90.8735	91.3988	91.4051	90.9054	89.9522	88.5232	0
0	0	0	0	0	0	0	0	0
]
XY2 = [
88.5475	89.7062	90.6086	91.0773	91.0596	90.6318	89.7106	88.3611	0
89.9865	91.0638	91.974	92.4239	92.4444	92.007	91.1161	89.7358	0
90.9679	91.983	92.8958	93.3811	93.3687	92.9297	92.022	90.6433	0
91.4511	92.4415	93.3749	93.8405	93.8852	93.4084	92.4891	91.1472	0
91.4702	92.4475	93.3387	93.806	93.8047	93.3277	92.4422	91.1432	0
90.9556	91.9843	92.8963	93.348	93.3352	92.8672	91.9449	90.6609	0
90.0067	91.1064	91.9736	92.4291	92.4682	92.0141	91.1081	89.7286	0
88.6575	89.8469	90.7837	91.2918	91.2986	90.8087	89.8492	88.4217	0
0	0	0	0	0	0	0	0	0
]
XY3 = [
88.0935	89.1611	89.9327	90.3421	90.3067	89.9296	89.1547	87.9223	0
89.3966	90.3477	91.1014	91.5495	91.5124	91.1093	90.3777	89.106	0
90.2626	91.1557	91.9012	92.3467	92.3466	91.9103	91.1658	89.8917	0
90.7054	91.5595	92.2934	92.7356	92.7273	92.3104	91.5703	90.35	0
90.7163	91.5788	92.2965	92.7334	92.7196	92.3008	91.5841	90.3332	0
90.2358	91.1646	91.8986	92.3277	92.3458	91.892	91.1552	89.9104	0
89.4174	90.3612	91.1039	91.5558	91.5531	91.1164	90.3283	89.1061	0
88.1814	89.2662	90.0981	90.4952	90.4965	90.0338	89.2206	87.9736	0
0	0	0	0	0	0	0	0	0
]
color_range = [80 110];
figure(1)
subplot(4,1,1), pcolor(XY0), axis off, caxis( color_range ), colormap(jet)
subplot(4,1,2), pcolor(XY1), axis off, caxis( color_range ), colormap(jet)
subplot(4,1,3), pcolor(XY2), axis off, caxis( color_range ), colormap(jet)
subplot(4,1,4), pcolor(XY3), axis off, caxis( color_range ), colormap(jet)
set(gcf, 'PaperPosition', [1 1 7 30]);
print(gcf,'-djpeg','-r0','R_routing-0_sel-6_BL_pir-0.018000_traffic-0.txt-300000.jpg')

XY0 = [
89.7509	91.1338	92.2729	92.8534	92.7966	92.2668	91.0827	89.3976	0
91.6361	92.7905	93.9139	94.4929	94.4988	93.984	92.8275	91.1416	0
92.8989	93.9992	95.0912	95.6904	95.6985	95.1074	93.9885	92.2585	0
93.5443	94.5418	95.6436	96.291	96.2999	95.6905	94.5325	92.8782	0
93.5597	94.5428	95.6333	96.3019	96.2418	95.6472	94.5803	92.8801	0
92.9163	93.9831	95.0562	95.6932	95.5812	95.0314	93.9353	92.277	0
91.6456	92.8255	93.9431	94.5829	94.5586	93.9674	92.8121	91.1131	0
89.9002	91.3381	92.5171	93.1436	93.1415	92.5167	91.3149	89.534	0
0	0	0	0	0	0	0	0	0
]
XY1 = [
89.5766	90.9448	92.0313	92.5956	92.5905	92.0845	90.9273	89.2712	0
91.448	92.5856	93.7181	94.2581	94.2519	93.762	92.6032	90.9531	0
92.6991	93.763	94.8566	95.4282	95.4488	94.928	93.7555	92.0548	0
93.3088	94.318	95.3802	95.9641	95.9673	95.457	94.297	92.6511	0
93.3485	94.3021	95.4044	95.9948	95.9743	95.431	94.276	92.6425	0
92.729	93.7313	94.8171	95.3773	95.373	94.8348	93.7031	92.0847	0
91.4735	92.6217	93.7169	94.2807	94.3181	93.7622	92.656	90.9857	0
89.7912	91.1685	92.3219	92.9435	92.9664	92.3664	91.1865	89.4121	0
0	0	0	0	0	0	0	0	0
]
XY2 = [
89.4867	90.8098	91.9046	92.4444	92.4234	91.9075	90.801	89.1753	0
91.2411	92.4003	93.4978	94.0235	94.0299	93.4822	92.4186	90.8058	0
92.4792	93.5407	94.5909	95.1694	95.1913	94.6455	93.5753	91.9099	0
93.0536	94.0807	95.1675	95.7175	95.7447	95.2107	94.1283	92.5041	0
93.066	94.086	95.1788	95.7146	95.7196	95.1773	94.104	92.5024	0
92.4745	93.5152	94.6105	95.1224	95.1288	94.5988	93.5082	91.9276	0
91.302	92.4741	93.5274	94.058	94.0732	93.5539	92.4641	90.8382	0
89.662	91.0386	92.1882	92.778	92.7831	92.202	91.0571	89.3139	0
0	0	0	0	0	0	0	0	0
]
XY3 = [
88.7581	89.9431	90.8395	91.3166	91.3081	90.8269	89.9499	88.5335	0
90.3126	91.3073	92.2169	92.6712	92.6593	92.1863	91.3206	89.9116	0
91.3257	92.2144	93.1559	93.6093	93.6485	93.1248	92.2366	90.8	0
91.847	92.7216	93.6494	94.1173	94.1421	93.5941	92.7164	91.3215	0
91.8518	92.7062	93.6159	94.0901	94.0993	93.5707	92.7213	91.3346	0
91.3196	92.2458	93.1584	93.6327	93.6632	93.1659	92.2758	90.8701	0
90.3246	91.3217	92.2352	92.7229	92.7311	92.2331	91.3297	89.9253	0
88.8836	90.0648	91.0503	91.5419	91.5475	91.0343	90.0731	88.6014	0
0	0	0	0	0	0	0	0	0
]
color_range = [80 110];
figure(1)
subplot(4,1,1), pcolor(XY0), axis off, caxis( color_range ), colormap(jet)
subplot(4,1,2), pcolor(XY1), axis off, caxis( color_range ), colormap(jet)
subplot(4,1,3), pcolor(XY2), axis off, caxis( color_range ), colormap(jet)
subplot(4,1,4), pcolor(XY3), axis off, caxis( color_range ), colormap(jet)
set(gcf, 'PaperPosition', [1 1 7 30]);
print(gcf,'-djpeg','-r0','R_routing-0_sel-6_BL_pir-0.018000_traffic-0.txt-400000.jpg')

XY0 = [
90.6516	92.142	93.4364	94.0722	94.0645	93.478	92.1237	90.2053	0
92.8734	94.0683	95.3629	96.0105	96.0245	95.4065	94.0933	92.166	0
94.3454	95.4376	96.7302	97.3491	97.351	96.7045	95.4265	93.4123	0
95.0672	96.0507	97.3175	98.0361	98.0295	97.3781	96.05	94.0856	0
95.0776	96.0652	97.3017	98.0422	97.9527	97.3163	96.0739	94.1054	0
94.3481	95.429	96.6917	97.3868	97.2978	96.6989	95.4354	93.4501	0
92.9078	94.1133	95.3639	96.0856	96.085	95.4173	94.1278	92.1628	0
90.9055	92.4633	93.7952	94.5714	94.5894	93.8582	92.4567	90.3659	0
0	0	0	0	0	0	0	0	0
]
XY1 = [
90.5059	91.9811	93.2459	93.9044	93.8787	93.2907	91.9832	90.0777	0
92.657	93.8812	95.1435	95.785	95.7733	95.1739	93.8868	91.9891	0
94.1191	95.1721	96.4203	97.0502	97.0931	96.4735	95.157	93.2559	0
94.8211	95.8093	97.0482	97.6714	97.7089	97.0943	95.7878	93.9324	0
94.8737	95.8568	97.1241	97.7187	97.7183	97.0985	95.809	93.9314	0
94.1516	95.1723	96.4266	97.0105	97.0294	96.4305	95.1429	93.284	0
92.6985	93.8876	95.1432	95.7799	95.7893	95.1592	93.9296	92.0162	0
90.7653	92.2934	93.6403	94.3634	94.3742	93.6847	92.2952	90.2522	0
0	0	0	0	0	0	0	0	0
]
XY2 = [
90.3338	91.7424	92.9837	93.6245	93.6062	93.0233	91.7656	89.9145	0
92.3826	93.5624	94.7896	95.4073	95.4073	94.8297	93.5979	91.7591	0
93.8189	94.8234	96.0442	96.7175	96.6937	96.1075	94.8226	92.9805	0
94.5002	95.4287	96.6649	97.3363	97.3303	96.7406	95.4644	93.6566	0
94.5075	95.4371	96.6477	97.3005	97.269	96.6888	95.4386	93.6603	0
93.7953	94.825	96.0246	96.6469	96.6196	96.0315	94.7724	92.9945	0
92.4404	93.6331	94.8435	95.4588	95.481	94.8538	93.6064	91.7564	0
90.5574	92.0429	93.3648	94.058	94.0844	93.3656	92.0724	90.0522	0
0	0	0	0	0	0	0	0	0
]
XY3 = [
89.3614	90.6178	91.606	92.1386	92.0974	91.6045	90.5894	89.0299	0
91.1012	92.1216	93.1159	93.6539	93.6239	93.087	92.1142	90.5477	0
92.2376	93.1387	94.1277	94.652	94.6499	94.1053	93.1046	91.557	0
92.8301	93.6969	94.6753	95.2323	95.2562	94.6488	93.6488	92.1025	0
92.8505	93.6983	94.6735	95.1914	95.1738	94.5647	93.5947	92.1213	0
92.227	93.1611	94.1545	94.6951	94.7003	94.1267	93.1184	91.6258	0
91.0854	92.136	93.1142	93.6658	93.6628	93.1171	92.1096	90.5689	0
89.5105	90.8097	91.8956	92.4806	92.4425	91.8652	90.7912	89.1519	0
0	0	0	0	0	0	0	0	0
]
color_range = [80 110];
figure(1)
subplot(4,1,1), pcolor(XY0), axis off, caxis( color_range ), colormap(jet)
subplot(4,1,2), pcolor(XY1), axis off, caxis( color_range ), colormap(jet)
subplot(4,1,3), pcolor(XY2), axis off, caxis( color_range ), colormap(jet)
subplot(4,1,4), pcolor(XY3), axis off, caxis( color_range ), colormap(jet)
set(gcf, 'PaperPosition', [1 1 7 30]);
print(gcf,'-djpeg','-r0','R_routing-0_sel-6_BL_pir-0.018000_traffic-0.txt-500000.jpg')

XY0 = [
91.5462	93.1033	94.5409	95.2399	95.2159	94.5422	93.0693	90.9451	0
94.0849	95.2304	96.6843	97.3917	97.4174	96.6966	95.2373	93.081	0
95.7023	96.6901	98.13	98.8055	98.7988	98.1297	96.6726	94.4658	0
96.5117	97.3841	98.7913	99.5527	99.5346	98.8566	97.3458	95.2237	0
96.5078	97.3772	98.7705	99.5216	99.4918	98.7777	97.3635	95.2299	0
95.7114	96.7005	98.1403	98.8231	98.7963	98.0953	96.6703	94.5323	0
94.0713	95.2539	96.6482	97.3775	97.4104	96.6647	95.2593	93.109	0
91.9125	93.5426	95.0406	95.8704	95.8963	95.0609	93.5331	91.1792	0
0	0	0	0	0	0	0	0	0
]
XY1 = [
91.3832	92.9464	94.337	95.0452	95.014	94.3494	92.9137	90.8021	0
93.8013	94.9953	96.4102	97.0813	97.1093	96.4269	95.0306	92.9193	0
95.4556	96.4458	97.8566	98.5222	98.5717	97.8752	96.4402	94.3329	0
96.2507	97.133	98.527	99.2233	99.2749	98.5336	97.1227	95.0284	0
96.3023	97.1767	98.5696	99.2315	99.2458	98.5213	97.1367	95.0219	0
95.4627	96.4481	97.8611	98.526	98.5543	97.8191	96.4461	94.3406	0
93.8551	95.0189	96.4351	97.1319	97.1535	96.4145	95.065	92.9346	0
91.7381	93.3284	94.8461	95.6339	95.6562	94.8566	93.3334	91.0328	0
0	0	0	0	0	0	0	0	0
]
XY2 = [
91.1001	92.5823	93.9306	94.6314	94.5965	93.9699	92.5956	90.5692	0
93.4282	94.6105	95.9315	96.6473	96.6299	95.9422	94.6064	92.5851	0
95.0024	95.9873	97.3044	98.0489	98.0375	97.3313	95.9543	93.9471	0
95.7827	96.6748	97.9747	98.759	98.7494	98.0279	96.6792	94.676	0
95.7953	96.6906	97.9644	98.6853	98.658	97.9696	96.6453	94.67	0
95.0012	95.988	97.2598	97.9654	97.946	97.2614	95.8928	93.9503	0
93.4587	94.6367	95.9536	96.6624	96.6809	95.9859	94.6457	92.6068	0
91.4169	92.9852	94.4445	95.2158	95.2376	94.4399	92.9783	90.7474	0
0	0	0	0	0	0	0	0	0
]
XY3 = [
89.8799	91.1656	92.2606	92.8281	92.7828	92.2477	91.1453	89.4743	0
91.7807	92.8165	93.8715	94.4507	94.4154	93.8725	92.7711	91.0943	0
93.038	93.9416	95.0094	95.5482	95.5602	95.0207	93.8924	92.2188	0
93.6886	94.5108	95.5404	96.1093	96.184	95.6028	94.4747	92.8101	0
93.7088	94.5028	95.5506	96.1247	96.1498	95.5146	94.448	92.8369	0
93.0049	93.922	94.9675	95.5314	95.5621	94.9553	93.8727	92.2535	0
91.7969	92.836	93.9053	94.4659	94.4729	93.8775	92.7902	91.0992	0
90.0855	91.4222	92.5998	93.2381	93.2178	92.5787	91.4125	89.6202	0
0	0	0	0	0	0	0	0	0
]
color_range = [80 110];
figure(1)
subplot(4,1,1), pcolor(XY0), axis off, caxis( color_range ), colormap(jet)
subplot(4,1,2), pcolor(XY1), axis off, caxis( color_range ), colormap(jet)
subplot(4,1,3), pcolor(XY2), axis off, caxis( color_range ), colormap(jet)
subplot(4,1,4), pcolor(XY3), axis off, caxis( color_range ), colormap(jet)
set(gcf, 'PaperPosition', [1 1 7 30]);
print(gcf,'-djpeg','-r0','R_routing-0_sel-6_BL_pir-0.018000_traffic-0.txt-600000.jpg')

XY0 = [
92.3843	93.9714	95.5272	96.3025	96.2698	95.5344	93.9511	91.6418	0
95.1384	96.2887	97.8539	98.5914	98.601	97.8392	96.293	93.955	0
96.9438	97.8518	99.4246	100.125	100.116	99.3988	97.8087	95.4534	0
97.8299	98.6464	100.158	100.976	100.978	100.24	98.5957	96.2991	0
97.8235	98.6546	100.13	100.929	100.897	100.147	98.5638	96.2752	0
96.9431	97.8604	99.4118	100.172	100.138	99.3827	97.8153	95.5233	0
95.1567	96.3479	97.8504	98.6242	98.6055	97.8518	96.3015	93.9965	0
92.8415	94.5303	96.198	97.1026	97.1195	96.2315	94.5094	91.9431	0
0	0	0	0	0	0	0	0	0
]
XY1 = [
92.2154	93.8136	95.3266	96.0555	96.0701	95.3581	93.8019	91.5008	0
94.8852	96.0361	97.6025	98.241	98.2746	97.529	96.0305	93.7479	0
96.6669	97.5769	99.1056	99.7931	99.8443	99.0992	97.5923	95.284	0
97.5482	98.3155	99.8409	100.612	100.655	99.8965	98.3674	96.0683	0
97.5615	98.3303	99.8448	100.602	100.607	99.8325	98.3268	96.0536	0
96.6536	97.5697	99.1019	99.8397	99.8613	99.0751	97.5689	95.3222	0
94.878	96.0542	97.5531	98.3366	98.371	97.5782	96.073	93.8038	0
92.6014	94.29	95.9402	96.8309	96.8225	95.9417	94.2631	91.7742	0
0	0	0	0	0	0	0	0	0
]
XY2 = [
91.823	93.3319	94.8008	95.5473	95.5262	94.8381	93.3762	91.1661	0
94.3744	95.4945	96.9419	97.6625	97.6886	96.9573	95.533	93.3424	0
96.0953	96.9978	98.4507	99.199	99.1887	98.4555	97.0087	94.7969	0
96.9496	97.7598	99.1813	99.973	99.9635	99.2199	97.7531	95.5334	0
96.9313	97.7663	99.1546	99.8662	99.8322	99.0918	97.7055	95.5372	0
96.08	97.0164	98.3996	99.1426	99.1147	98.365	96.9292	94.7875	0
94.3967	95.5404	96.9704	97.7309	97.7199	96.9789	95.5594	93.3685	0
92.2078	93.8254	95.4294	96.3038	96.3027	95.4593	93.8433	91.426	0
0	0	0	0	0	0	0	0	0
]
XY3 = [
90.3636	91.6424	92.8208	93.4362	93.4041	92.8096	91.6332	89.8609	0
92.3875	93.366	94.5163	95.1526	95.1073	94.5035	93.3505	91.5897	0
93.7591	94.5694	95.7295	96.3166	96.3531	95.7412	94.5565	92.7843	0
94.432	95.1575	96.3047	96.8726	96.9424	96.313	95.1334	93.3803	0
94.4469	95.1427	96.3116	96.8658	96.9164	96.3009	95.1173	93.3978	0
93.722	94.5446	95.7068	96.243	96.2824	95.7006	94.5136	92.8013	0
92.3923	93.3971	94.5393	95.1277	95.1463	94.5273	93.3615	91.6123	0
90.602	91.9455	93.2177	93.9152	93.9005	93.2168	91.9615	90.0393	0
0	0	0	0	0	0	0	0	0
]
color_range = [80 110];
figure(1)
subplot(4,1,1), pcolor(XY0), axis off, caxis( color_range ), colormap(jet)
subplot(4,1,2), pcolor(XY1), axis off, caxis( color_range ), colormap(jet)
subplot(4,1,3), pcolor(XY2), axis off, caxis( color_range ), colormap(jet)
subplot(4,1,4), pcolor(XY3), axis off, caxis( color_range ), colormap(jet)
set(gcf, 'PaperPosition', [1 1 7 30]);
print(gcf,'-djpeg','-r0','R_routing-0_sel-6_BL_pir-0.018000_traffic-0.txt-700000.jpg')

XY0 = [
93.2054	94.8229	96.4812	97.2886	97.2505	96.4507	94.7862	92.3005	0
96.2127	97.2457	98.9314	99.7108	99.773	98.913	97.3091	94.7975	0
98.1408	98.911	100.591	101.347	101.399	100.579	98.935	96.4152	0
99.145	99.802	101.44	102.284	102.35	101.476	99.795	97.2863	0
99.1323	99.7926	101.393	102.217	102.255	101.385	99.7441	97.2501	0
98.1646	98.9459	100.624	101.432	101.426	100.584	98.924	96.4617	0
96.2385	97.3541	99.0052	99.8231	99.8031	98.9674	97.336	94.8262	0
93.7524	95.4765	97.3032	98.2548	98.285	97.3076	95.4527	92.6478	0
0	0	0	0	0	0	0	0	0
]
XY1 = [
93.0046	94.5824	96.2089	97.0001	96.9858	96.2035	94.5878	92.1107	0
95.8746	96.9432	98.6323	99.3661	99.3833	98.5572	96.9897	94.5269	0
97.7733	98.5815	100.223	100.988	101.042	100.212	98.5983	96.1501	0
98.7683	99.4255	101.047	101.891	101.913	101.13	99.4905	97.0069	0
98.7477	99.4506	101.086	101.916	101.863	101.034	99.4085	96.9926	0
97.8	98.6632	100.306	101.107	101.069	100.22	98.5641	96.1958	0
95.8724	97.0111	98.6028	99.4456	99.4164	98.609	97.0107	94.5805	0
93.4717	95.2154	97.0074	97.9691	97.945	96.987	95.1713	92.466	0
0	0	0	0	0	0	0	0	0
]
XY2 = [
92.5201	94.0463	95.6038	96.3869	96.3645	95.5991	94.057	91.7063	0
95.2358	96.3059	97.8616	98.6028	98.6452	97.8621	96.3417	94.0135	0
97.0559	97.8503	99.4258	100.183	100.171	99.4202	97.8964	95.5637	0
97.969	98.6275	100.179	100.978	101.006	100.232	98.6872	96.3395	0
97.9675	98.6728	100.234	100.965	100.906	100.149	98.6503	96.3723	0
97.045	97.8799	99.4329	100.18	100.155	99.3693	97.8339	95.6028	0
95.2305	96.3666	97.8893	98.6539	98.6795	97.8892	96.3779	94.0663	0
92.9358	94.609	96.3126	97.2308	97.231	96.3272	94.627	92.037	0
0	0	0	0	0	0	0	0	0
]
XY3 = [
90.796	92.0748	93.3125	93.9262	93.9205	93.3158	92.0832	90.202	0
92.9194	93.8884	95.1088	95.7194	95.7351	95.0918	93.9054	92.035	0
94.3668	95.131	96.3539	97.0023	97.0293	96.3789	95.1795	93.2841	0
95.085	95.742	96.9619	97.5831	97.6329	97.0078	95.7963	93.8976	0
95.0904	95.7149	96.9912	97.5488	97.5677	96.9357	95.7448	93.9133	0
94.3543	95.121	96.3688	96.955	96.9545	96.3582	95.1221	93.276	0
92.9263	93.9177	95.1351	95.7723	95.7741	95.1023	93.8813	92.049	0
91.0706	92.4442	93.7811	94.4996	94.493	93.7715	92.4506	90.4278	0
0	0	0	0	0	0	0	0	0
]
color_range = [80 110];
figure(1)
subplot(4,1,1), pcolor(XY0), axis off, caxis( color_range ), colormap(jet)
subplot(4,1,2), pcolor(XY1), axis off, caxis( color_range ), colormap(jet)
subplot(4,1,3), pcolor(XY2), axis off, caxis( color_range ), colormap(jet)
subplot(4,1,4), pcolor(XY3), axis off, caxis( color_range ), colormap(jet)
set(gcf, 'PaperPosition', [1 1 7 30]);
print(gcf,'-djpeg','-r0','R_routing-0_sel-6_BL_pir-0.018000_traffic-0.txt-800000.jpg')

#Steady State Temp.
XY0 = [
185.002	187.761	193.086	196.112	196.024	192.902	186.465	177.31	0
198.861	200.32	206.222	209.619	209.688	206.036	198.729	188.026	0
208.386	208.977	215.02	218.618	218.71	214.863	207.043	195.433	0
213.131	213.191	219.246	223.12	223.221	219.184	211.091	199.171	0
212.975	213.031	219.068	222.876	222.787	218.736	210.789	198.935	0
208.108	208.605	214.569	218.188	218.062	214.169	206.429	195.038	0
199.153	200.622	206.393	209.95	209.946	206.114	198.669	187.861	0
192.34	195.747	202.577	206.759	206.808	202.258	193.635	181.711	0
0	0	0	0	0	0	0	0	0
]
XY1 = [
183.888	186.675	191.951	194.948	194.868	191.784	185.426	176.367	0
197.57	199.103	204.963	208.323	208.387	204.785	197.562	186.976	0
206.977	207.658	213.662	217.233	217.329	213.525	205.791	194.31	0
211.657	211.822	217.843	221.677	221.781	217.796	209.801	198.004	0
211.505	211.666	217.677	221.443	221.359	217.357	209.491	197.77	0
206.695	207.282	213.208	216.79	216.679	212.827	205.168	193.91	0
197.837	199.367	205.09	208.611	208.612	204.829	197.476	186.796	0
191.026	194.439	201.19	205.318	205.362	200.882	192.391	180.637	0
0	0	0	0	0	0	0	0	0
]
XY2 = [
180.199	183.099	188.223	191.125	191.075	188.113	182.007	173.248	0
193.305	195.102	200.833	204.076	204.126	200.682	193.732	183.514	0
202.326	203.331	209.214	212.7	212.814	209.146	201.69	190.618	0
206.795	207.333	213.252	216.961	217.072	213.256	205.576	194.172	0
206.657	207.19	213.128	216.756	216.691	212.846	205.241	193.944	0
202.034	202.937	208.753	212.216	212.154	208.433	201.034	190.203	0
193.49	195.24	200.818	204.225	204.239	200.612	193.557	183.286	0
186.662	190.118	196.613	200.568	200.594	196.343	188.283	177.078	0
0	0	0	0	0	0	0	0	0
]
XY3 = [
177.946	180.897	185.922	188.758	188.711	185.825	179.886	171.346	0
190.686	192.627	198.253	201.432	201.488	198.125	191.358	181.392	0
199.447	200.651	206.449	209.878	209.983	206.406	199.137	188.332	0
203.78	204.552	210.396	214.034	214.144	210.418	202.932	191.798	0
203.639	204.407	210.264	213.812	213.756	210.006	202.6	191.581	0
199.137	200.247	205.973	209.361	209.306	205.681	198.47	187.909	0
190.815	192.704	198.177	201.499	201.521	197.994	191.13	181.124	0
183.996	187.468	193.786	197.619	197.647	193.539	185.751	174.894	0
0	0	0	0	0	0	0	0	0
]
color_range = [80 110];
figure(1)
subplot(4,1,1), pcolor(XY0), axis off, caxis( color_range ), colormap(jet)
subplot(4,1,2), pcolor(XY1), axis off, caxis( color_range ), colormap(jet)
subplot(4,1,3), pcolor(XY2), axis off, caxis( color_range ), colormap(jet)
subplot(4,1,4), pcolor(XY3), axis off, caxis( color_range ), colormap(jet)
set(gcf, 'PaperPosition', [1 1 7 30]);
print(gcf,'-djpeg','-r0','SS_routing-0_sel-6_BL_pir-0.018000_traffic-0.txt-800000.jpg')
