XY0 = [
86.933	87.7196	88.2535	88.5299	88.509	88.2439	87.6692	86.86	0
87.7658	88.5551	89.0891	89.344	89.339	89.0673	88.497	87.6862	0
88.3165	89.0622	89.6044	89.8805	89.902	89.5779	89.0388	88.2475	0
88.5918	89.3417	89.8874	90.1225	90.1845	89.8392	89.309	88.509	0
88.588	89.3209	89.8736	90.1429	90.1743	89.8532	89.3068	88.5047	0
88.3173	89.0629	89.6176	89.8809	89.9153	89.6213	89.0601	88.2574	0
87.766	88.4969	89.0722	89.298	89.3073	88.9985	88.4461	87.7063	0
86.8921	87.6964	88.2722	88.5455	88.5357	88.2493	87.6677	86.8944	0
0	0	0	0	0	0	0	0	0
]
XY1 = [
86.8417	87.6093	88.1796	88.4499	88.4599	88.1972	87.6342	86.8083	0
87.6473	88.4045	88.9523	89.1892	89.1881	88.9289	88.3921	87.6016	0
88.2145	88.9407	89.5069	89.7667	89.7597	89.4682	88.9264	88.1178	0
88.4945	89.2008	89.7549	90.012	90.0196	89.7123	89.17	88.4095	0
88.4995	89.1852	89.7391	89.9993	90.0242	89.7225	89.1554	88.3925	0
88.2015	88.937	89.4668	89.7441	89.7523	89.4507	88.9195	88.1426	0
87.6728	88.4096	88.9665	89.2385	89.2078	88.9449	88.4282	87.6288	0
86.8468	87.6076	88.1608	88.4301	88.4295	88.163	87.6099	86.797	0
0	0	0	0	0	0	0	0	0
]
XY2 = [
86.8254	87.5863	88.136	88.3805	88.3964	88.1203	87.5755	86.7832	0
87.6309	88.3841	88.911	89.1645	89.2097	88.9068	88.3595	87.591	0
88.1672	88.9198	89.4257	89.6761	89.7336	89.4417	88.9144	88.1037	0
88.4464	89.1881	89.6718	89.9656	89.9904	89.7203	89.1655	88.3848	0
88.4775	89.201	89.717	89.9814	90.0303	89.739	89.169	88.3667	0
88.1835	88.9177	89.4342	89.6808	89.6911	89.4367	88.8645	88.0936	0
87.6503	88.3836	88.913	89.1848	89.1894	88.9025	88.3476	87.5732	0
86.8167	87.6207	88.1442	88.4259	88.4082	88.1439	87.5937	86.7939	0
0	0	0	0	0	0	0	0	0
]
XY3 = [
86.7143	87.4667	87.9768	88.2375	88.2212	87.9877	87.4823	86.7266	0
87.5146	88.2518	88.7905	89.0031	89.0329	88.7543	88.2405	87.4969	0
88.0498	88.7393	89.2448	89.4655	89.5084	89.2449	88.7424	87.9868	0
88.3163	89.012	89.4999	89.7237	89.7984	89.4906	88.9973	88.2033	0
88.324	89.0416	89.5538	89.7923	89.8354	89.5188	89.0537	88.2291	0
88.07	88.7498	89.2785	89.5624	89.6305	89.3235	88.7804	87.9946	0
87.529	88.2392	88.7611	89.0506	89.0972	88.7933	88.2731	87.4869	0
86.7384	87.4955	88.0391	88.3232	88.3125	88.0511	87.5151	86.689	0
0	0	0	0	0	0	0	0	0
]
color_range = [80 110];
figure(1)
subplot(4,1,1), pcolor(XY0), axis off, caxis( color_range ), colormap(jet)
subplot(4,1,2), pcolor(XY1), axis off, caxis( color_range ), colormap(jet)
subplot(4,1,3), pcolor(XY2), axis off, caxis( color_range ), colormap(jet)
subplot(4,1,4), pcolor(XY3), axis off, caxis( color_range ), colormap(jet)
set(gcf, 'PaperPosition', [1 1 7 30]);
print(gcf,'-djpeg','-r0','R_routing-0_sel-6_BL_pir-0.024000_traffic-0.txt-100000.jpg')

XY0 = [
88.5069	89.7901	90.7422	91.2212	91.1878	90.7376	89.7435	88.3352	0
90.0358	91.2412	92.2144	92.664	92.663	92.1584	91.1633	89.7447	0
91.0229	92.1276	93.1715	93.5891	93.6481	93.0916	92.0983	90.6934	0
91.5253	92.5924	93.6414	94.0654	94.1303	93.5654	92.5665	91.1809	0
91.5231	92.6012	93.6264	94.0107	94.0741	93.5326	92.5671	91.178	0
91.0094	92.1271	93.1675	93.6202	93.6656	93.1126	92.1152	90.7171	0
90.0016	91.1563	92.1744	92.5916	92.6123	92.071	91.1261	89.7752	0
88.4681	89.7877	90.8245	91.3117	91.3168	90.8049	89.7956	88.4121	0
0	0	0	0	0	0	0	0	0
]
XY1 = [
88.3867	89.6531	90.592	91.0642	91.0495	90.6042	89.6638	88.2408	0
89.7896	91.0176	91.9299	92.4148	92.3996	91.9241	91.0006	89.6283	0
90.811	91.9668	92.8621	93.3613	93.3389	92.8525	91.9458	90.5115	0
91.2658	92.4251	93.3327	93.7916	93.8013	93.3112	92.3754	91.0107	0
91.2859	92.3955	93.3001	93.7556	93.825	93.3211	92.3107	90.9903	0
90.7919	91.9285	92.8116	93.2914	93.3236	92.8024	91.9019	90.5598	0
89.837	91.0011	91.9423	92.3906	92.4124	91.9312	91.0134	89.6533	0
88.4064	89.6977	90.6621	91.1359	91.1356	90.6344	89.6852	88.3005	0
0	0	0	0	0	0	0	0	0
]
XY2 = [
88.3226	89.5563	90.4989	90.9792	90.9557	90.5063	89.5556	88.1884	0
89.7251	90.9307	91.8383	92.279	92.2867	91.852	90.8908	89.5757	0
90.6982	91.8517	92.7717	93.2094	93.2021	92.7868	91.8316	90.4555	0
91.1967	92.3093	93.2364	93.679	93.6908	93.2544	92.2913	90.9495	0
91.2095	92.3442	93.2828	93.6969	93.7438	93.3137	92.3322	90.9436	0
90.7155	91.8697	92.7846	93.2096	93.2081	92.7734	91.819	90.4769	0
89.744	90.9695	91.8889	92.3386	92.3672	91.8968	90.9582	89.6113	0
88.363	89.7051	90.6482	91.1137	91.0869	90.6355	89.6861	88.2742	0
0	0	0	0	0	0	0	0	0
]
XY3 = [
88.0206	89.1527	90.004	90.422	90.3938	90.0042	89.1588	87.9164	0
89.3256	90.3892	91.2799	91.6361	91.6368	91.2396	90.4126	89.2181	0
90.1734	91.168	92.1051	92.4736	92.4441	92.0843	91.2141	90.0228	0
90.6152	91.6191	92.5326	92.869	92.9297	92.482	91.6424	90.4409	0
90.6167	91.6273	92.5645	92.9107	92.9255	92.4893	91.6562	90.4325	0
90.1985	91.2258	92.1361	92.5775	92.5786	92.1483	91.2656	90.0444	0
89.3134	90.3837	91.2824	91.7137	91.7041	91.2522	90.4236	89.1837	0
88.0049	89.2176	90.1103	90.5708	90.548	90.0797	89.2365	87.9522	0
0	0	0	0	0	0	0	0	0
]
color_range = [80 110];
figure(1)
subplot(4,1,1), pcolor(XY0), axis off, caxis( color_range ), colormap(jet)
subplot(4,1,2), pcolor(XY1), axis off, caxis( color_range ), colormap(jet)
subplot(4,1,3), pcolor(XY2), axis off, caxis( color_range ), colormap(jet)
subplot(4,1,4), pcolor(XY3), axis off, caxis( color_range ), colormap(jet)
set(gcf, 'PaperPosition', [1 1 7 30]);
print(gcf,'-djpeg','-r0','R_routing-0_sel-6_BL_pir-0.024000_traffic-0.txt-200000.jpg')

XY0 = [
89.9703	91.5826	92.8387	93.4643	93.4555	92.8449	91.5627	89.6132	0
92.0442	93.464	94.7161	95.3187	95.3566	94.722	93.4228	91.5196	0
93.3683	94.6507	95.9861	96.5527	96.6118	95.9175	94.6471	92.8076	0
94.069	95.3147	96.6699	97.2425	97.3193	96.6068	95.3028	93.4531	0
94.0465	95.24	96.6153	97.1489	97.2533	96.5392	95.2843	93.4392	0
93.3884	94.6227	95.9668	96.5614	96.6192	95.9155	94.674	92.7912	0
92.008	93.3486	94.6932	95.2848	95.3368	94.6535	93.3973	91.5686	0
90.0208	91.6426	93.0325	93.7355	93.7278	93.0321	91.6868	89.7756	0
0	0	0	0	0	0	0	0	0
]
XY1 = [
89.8206	91.4301	92.6652	93.2676	93.2745	92.6558	91.3952	89.5068	0
91.7787	93.2392	94.4816	95.0671	95.0774	94.4463	93.1921	91.3343	0
93.1776	94.4694	95.7284	96.3647	96.3281	95.7415	94.5025	92.6094	0
93.8087	95.0993	96.3359	96.9274	96.93	96.321	95.0459	93.2334	0
93.7481	95.0224	96.2789	96.8532	96.9205	96.2834	95.0027	93.2107	0
93.0863	94.4204	95.6401	96.2691	96.3065	95.6421	94.4369	92.6205	0
91.7573	93.2046	94.469	95.056	95.0856	94.4357	93.2255	91.4013	0
89.8608	91.5029	92.8418	93.4742	93.4943	92.8161	91.5418	89.6475	0
0	0	0	0	0	0	0	0	0
]
XY2 = [
89.6855	91.2683	92.4994	93.0943	93.0693	92.4691	91.2549	89.4286	0
91.5869	93.0498	94.2838	94.8567	94.8417	94.2495	93.0187	91.2355	0
92.8989	94.2837	95.4835	96.118	96.0892	95.5535	94.3354	92.4369	0
93.6141	94.9036	96.1154	96.7421	96.6971	96.1376	94.9033	93.0344	0
93.5982	94.8841	96.1183	96.7328	96.7547	96.1951	94.9149	93.0302	0
92.9457	94.2952	95.4593	96.0575	96.0829	95.4781	94.2729	92.4372	0
91.6453	93.0547	94.3117	94.9042	94.9318	94.3122	93.1154	91.2692	0
89.7845	91.4244	92.7049	93.3384	93.3247	92.7095	91.454	89.5514	0
0	0	0	0	0	0	0	0	0
]
XY3 = [
89.0684	90.4326	91.5241	92.0473	91.9978	91.4927	90.4484	88.8649	0
90.7753	92.0519	93.1737	93.6787	93.6661	93.0881	92.0169	90.4733	0
91.8881	93.0504	94.1965	94.7238	94.738	94.1992	93.1244	91.5454	0
92.4974	93.6373	94.7756	95.2936	95.3403	94.7495	93.6592	92.0755	0
92.4947	93.629	94.7647	95.2716	95.3225	94.7623	93.6551	92.0774	0
91.9631	93.1253	94.2457	94.8097	94.8148	94.2776	93.1654	91.5729	0
90.7885	92.0747	93.1671	93.7016	93.7124	93.1605	92.0954	90.4905	0
89.1004	90.5674	91.7146	92.311	92.2628	91.695	90.6246	88.9542	0
0	0	0	0	0	0	0	0	0
]
color_range = [80 110];
figure(1)
subplot(4,1,1), pcolor(XY0), axis off, caxis( color_range ), colormap(jet)
subplot(4,1,2), pcolor(XY1), axis off, caxis( color_range ), colormap(jet)
subplot(4,1,3), pcolor(XY2), axis off, caxis( color_range ), colormap(jet)
subplot(4,1,4), pcolor(XY3), axis off, caxis( color_range ), colormap(jet)
set(gcf, 'PaperPosition', [1 1 7 30]);
print(gcf,'-djpeg','-r0','R_routing-0_sel-6_BL_pir-0.024000_traffic-0.txt-300000.jpg')

XY0 = [
91.2811	93.1475	94.5947	95.3645	95.3962	94.6293	93.0941	90.7735	0
93.8296	95.3857	96.8681	97.6174	97.6484	96.8735	95.3392	93.0895	0
95.5396	96.8333	98.4106	99.1084	99.1885	98.3945	96.8468	94.6213	0
96.399	97.6593	99.2393	99.9304	100.011	99.1865	97.6287	95.3587	0
96.3498	97.562	99.1654	99.7925	99.9208	99.089	97.5657	95.3559	0
95.5463	96.8588	98.4144	99.1071	99.1668	98.3709	96.8189	94.6089	0
93.8377	95.2847	96.8659	97.5576	97.6373	96.8439	95.3242	93.1618	0
91.4434	93.3407	94.9816	95.7992	95.8083	95.0151	93.3507	91.0089	0
0	0	0	0	0	0	0	0	0
]
XY1 = [
91.1202	92.9431	94.3899	95.1385	95.176	94.4261	92.9218	90.6222	0
93.5306	95.1132	96.5447	97.2963	97.3531	96.5502	95.0903	92.8572	0
95.2287	96.5879	98.0787	98.8144	98.867	98.0689	96.5861	94.3472	0
96.052	97.3846	98.8508	99.5757	99.644	98.8412	97.3191	95.1091	0
96.0367	97.3155	98.8143	99.5233	99.5973	98.8125	97.3037	95.1187	0
95.2308	96.5794	98.0489	98.8005	98.8404	98.0116	96.5809	94.3667	0
93.5728	95.0714	96.6338	97.3379	97.3883	96.5942	95.1778	92.922	0
91.2747	93.1382	94.7785	95.5468	95.5525	94.7342	93.1664	90.8204	0
0	0	0	0	0	0	0	0	0
]
XY2 = [
90.9203	92.6923	94.1765	94.8922	94.8528	94.1415	92.7129	90.4884	0
93.2558	94.8341	96.3167	97.0051	97.011	96.2591	94.8109	92.6464	0
94.9148	96.298	97.7642	98.4928	98.4861	97.764	96.324	94.0845	0
95.7264	97.0041	98.4814	99.2399	99.2136	98.488	97.0547	94.829	0
95.7169	96.9938	98.4578	99.1894	99.2256	98.518	97.0133	94.8193	0
94.9325	96.2899	97.712	98.4441	98.4773	97.7465	96.2807	94.1143	0
93.3058	94.8398	96.3254	97.0265	97.0624	96.3458	94.882	92.6961	0
91.0868	92.9648	94.5116	95.2768	95.2495	94.5053	92.9541	90.6788	0
0	0	0	0	0	0	0	0	0
]
XY3 = [
89.928	91.4627	92.7294	93.3493	93.325	92.7301	91.5016	89.6314	0
91.9845	93.3572	94.605	95.221	95.227	94.5604	93.3078	91.4772	0
93.3183	94.5374	95.8298	96.4456	96.446	95.8198	94.5966	92.7306	0
94.0518	95.2112	96.4934	97.1041	97.1443	96.504	95.1982	93.3491	0
94.0381	95.1932	96.4801	97.064	97.0321	96.445	95.1645	93.3658	0
93.3849	94.5739	95.8294	96.5159	96.4852	95.9232	94.6346	92.7549	0
91.9837	93.3456	94.6308	95.2577	95.2541	94.6352	93.3855	91.5084	0
90.0643	91.7139	93.019	93.7051	93.7011	93.0285	91.7302	89.776	0
0	0	0	0	0	0	0	0	0
]
color_range = [80 110];
figure(1)
subplot(4,1,1), pcolor(XY0), axis off, caxis( color_range ), colormap(jet)
subplot(4,1,2), pcolor(XY1), axis off, caxis( color_range ), colormap(jet)
subplot(4,1,3), pcolor(XY2), axis off, caxis( color_range ), colormap(jet)
subplot(4,1,4), pcolor(XY3), axis off, caxis( color_range ), colormap(jet)
set(gcf, 'PaperPosition', [1 1 7 30]);
print(gcf,'-djpeg','-r0','R_routing-0_sel-6_BL_pir-0.024000_traffic-0.txt-400000.jpg')

XY0 = [
92.5415	94.5327	96.1718	97.0719	97.084	96.1968	94.4486	91.8377	0
95.4984	97.1055	98.78	99.6315	99.647	98.7907	97.0002	94.4374	0
97.4558	98.7629	100.532	101.371	101.419	100.538	98.7644	96.2327	0
98.4579	99.7014	101.448	102.276	102.315	101.432	99.6623	97.0847	0
98.4255	99.6164	101.393	102.158	102.252	101.366	99.6131	97.1007	0
97.454	98.7582	100.511	101.331	101.385	100.532	98.7534	96.2529	0
95.4704	96.9996	98.7528	99.5514	99.6182	98.7397	96.9808	94.5269	0
92.781	94.8531	96.7608	97.6684	97.6838	96.7769	94.8613	92.1558	0
0	0	0	0	0	0	0	0	0
]
XY1 = [
92.3415	94.3226	95.9478	96.7912	96.8188	95.9722	94.2497	91.6601	0
95.1768	96.7698	98.424	99.2675	99.3202	98.4843	96.7568	94.2304	0
97.1261	98.4362	100.191	100.977	101.055	100.192	98.4756	95.9099	0
98.1057	99.2993	101.02	101.835	101.934	101.044	99.3403	96.8004	0
98.0646	99.2237	100.975	101.775	101.867	100.999	99.2881	96.7842	0
97.1202	98.4227	100.152	100.972	101.046	100.122	98.4524	95.9424	0
95.1761	96.7015	98.4633	99.2846	99.3561	98.4838	96.7815	94.2535	0
92.5971	94.6366	96.4786	97.3918	97.4056	96.4508	94.6157	91.9408	0
0	0	0	0	0	0	0	0	0
]
XY2 = [
92.0322	93.9747	95.5922	96.4546	96.3995	95.5518	93.9269	91.3993	0
94.7752	96.4257	98.0118	98.8693	98.8434	98.0105	96.3496	93.8954	0
96.6535	98.0403	99.6628	100.561	100.551	99.7077	98.0895	95.5488	0
97.6197	98.8785	100.509	101.386	101.359	100.521	98.8888	96.3738	0
97.6319	98.8729	100.508	101.333	101.324	100.494	98.8736	96.3637	0
96.6907	98.0352	99.6467	100.482	100.506	99.6522	98.0487	95.5365	0
94.8135	96.4202	98.0877	98.9085	98.9115	98.0774	96.4541	93.9277	0
92.2825	94.3444	96.1499	97.0146	96.9709	96.0924	94.3495	91.6756	0
0	0	0	0	0	0	0	0	0
]
XY3 = [
90.7193	92.3682	93.728	94.4251	94.3856	93.7271	92.3911	90.3266	0
93.0109	94.4321	95.8076	96.5073	96.4934	95.7893	94.4037	92.3823	0
94.5302	95.753	97.1744	97.8688	97.8464	97.1349	95.79	93.7507	0
95.3184	96.4659	97.8436	98.574	98.6064	97.8743	96.5273	94.4229	0
95.3538	96.4148	97.8188	98.5184	98.4936	97.8315	96.49	94.4249	0
94.6073	95.7562	97.1465	97.8802	97.8714	97.2091	95.8646	93.7512	0
93.0575	94.4161	95.8263	96.5495	96.5156	95.8373	94.5049	92.3819	0
90.9092	92.6396	94.1196	94.877	94.8972	94.1484	92.6877	90.5068	0
0	0	0	0	0	0	0	0	0
]
color_range = [80 110];
figure(1)
subplot(4,1,1), pcolor(XY0), axis off, caxis( color_range ), colormap(jet)
subplot(4,1,2), pcolor(XY1), axis off, caxis( color_range ), colormap(jet)
subplot(4,1,3), pcolor(XY2), axis off, caxis( color_range ), colormap(jet)
subplot(4,1,4), pcolor(XY3), axis off, caxis( color_range ), colormap(jet)
set(gcf, 'PaperPosition', [1 1 7 30]);
print(gcf,'-djpeg','-r0','R_routing-0_sel-6_BL_pir-0.024000_traffic-0.txt-500000.jpg')

XY0 = [
93.6722	95.7591	97.6247	98.5754	98.5832	97.6032	95.686	92.8165	0
96.9987	98.6274	100.511	101.407	101.462	100.51	98.5579	95.7044	0
99.2015	100.46	102.48	103.359	103.44	102.445	100.49	97.679	0
100.353	101.508	103.421	104.365	104.397	103.394	101.488	98.6181	0
100.32	101.391	103.335	104.28	104.335	103.329	101.439	98.5972	0
99.2318	100.467	102.372	103.346	103.372	102.404	100.462	97.6576	0
96.9727	98.4924	100.423	101.358	101.413	100.474	98.5373	95.7705	0
94.0446	96.2482	98.3948	99.4207	99.4416	98.414	96.2984	93.2207	0
0	0	0	0	0	0	0	0	0
]
XY1 = [
93.4956	95.5644	97.3974	98.3592	98.3511	97.4203	95.5037	92.6356	0
96.6551	98.2804	100.148	101.084	101.08	100.168	98.268	95.4662	0
98.8218	100.097	102.059	102.944	102.974	102.045	100.139	97.3294	0
99.9422	101.063	102.937	103.875	103.935	102.971	101.084	98.2756	0
99.9377	100.993	102.944	103.883	103.921	102.955	101.044	98.2678	0
98.8853	100.109	102.027	102.954	102.972	101.986	100.136	97.3443	0
96.706	98.2328	100.157	101.109	101.121	100.176	98.2881	95.5077	0
93.8548	96.0328	98.0968	99.1504	99.1357	98.0953	96.0388	93.014	0
0	0	0	0	0	0	0	0	0
]
XY2 = [
93.0475	95.025	96.8124	97.7769	97.7523	96.8253	95.0316	92.2769	0
96.1382	97.7614	99.5142	100.444	100.419	99.5243	97.7029	95.0232	0
98.2264	99.5451	101.323	102.273	102.304	101.385	99.5892	96.8178	0
99.3373	100.486	102.301	103.227	103.216	102.273	100.494	97.7191	0
99.343	100.436	102.293	103.161	103.177	102.244	100.45	97.6981	0
98.3345	99.5764	101.413	102.259	102.315	101.382	99.61	96.8043	0
96.2052	97.7509	99.6103	100.498	100.505	99.6004	97.801	95.0479	0
93.4262	95.5826	97.5805	98.5455	98.523	97.5364	95.5874	92.6232	0
0	0	0	0	0	0	0	0	0
]
XY3 = [
91.4242	93.0743	94.5626	95.3071	95.2896	94.5485	93.111	90.8968	0
93.9463	95.3322	96.8241	97.5983	97.5848	96.8039	95.3125	93.1378	0
95.6255	96.7456	98.2549	98.9918	99.0099	98.2238	96.7973	94.581	0
96.4721	97.4896	99.0229	99.7554	99.7714	99.0139	97.5382	95.3204	0
96.4891	97.4852	98.9861	99.7403	99.7283	99.0021	97.5378	95.3239	0
95.658	96.7861	98.2618	99.0386	99.0197	98.2953	96.8195	94.6029	0
93.9469	95.2967	96.8013	97.5958	97.5771	96.8425	95.3909	93.0988	0
91.6819	93.4968	95.0918	95.9078	95.8922	95.0731	93.4996	91.1041	0
0	0	0	0	0	0	0	0	0
]
color_range = [80 110];
figure(1)
subplot(4,1,1), pcolor(XY0), axis off, caxis( color_range ), colormap(jet)
subplot(4,1,2), pcolor(XY1), axis off, caxis( color_range ), colormap(jet)
subplot(4,1,3), pcolor(XY2), axis off, caxis( color_range ), colormap(jet)
subplot(4,1,4), pcolor(XY3), axis off, caxis( color_range ), colormap(jet)
set(gcf, 'PaperPosition', [1 1 7 30]);
print(gcf,'-djpeg','-r0','R_routing-0_sel-6_BL_pir-0.024000_traffic-0.txt-600000.jpg')

XY0 = [
94.8046	96.9362	98.9884	99.993	100.007	98.9187	96.862	93.7696	0
98.4676	100.013	102.062	103.05	103.095	102.096	99.9938	96.9	0
100.935	102.028	104.238	105.187	105.191	104.129	102.085	98.9906	0
102.183	103.113	105.206	106.24	106.248	105.149	103.1	100.008	0
102.148	102.985	105.121	106.152	106.154	105.096	103.082	100	0
100.925	102.031	104.128	105.142	105.145	104.124	102.066	98.9651	0
98.4837	99.9005	102.066	103.083	103.078	102.062	100.011	96.905	0
95.3073	97.6027	99.9222	101.063	101.084	99.957	97.6442	94.212	0
0	0	0	0	0	0	0	0	0
]
XY1 = [
94.5245	96.6737	98.6532	99.6929	99.6668	98.659	96.6203	93.5325	0
98.0776	99.6952	101.67	102.643	102.665	101.692	99.6688	96.6035	0
100.449	101.674	103.745	104.73	104.745	103.697	101.676	98.5988	0
101.689	102.667	104.7	105.723	105.755	104.695	102.702	99.6155	0
101.672	102.633	104.712	105.746	105.75	104.726	102.692	99.6033	0
100.53	101.688	103.752	104.77	104.764	103.69	101.707	98.6118	0
98.1382	99.6205	101.722	102.769	102.765	101.758	99.7038	96.626	0
95.0614	97.3168	99.5568	100.712	100.694	99.5768	97.3075	93.9464	0
0	0	0	0	0	0	0	0	0
]
XY2 = [
94.0068	96.05	97.9985	98.9748	98.9435	97.9567	96.0156	93.0683	0
97.3995	98.9793	100.872	101.872	101.874	100.924	98.959	96.0261	0
99.7022	100.883	102.853	103.832	103.854	102.873	100.953	97.9575	0
100.878	101.831	103.817	104.821	104.823	103.806	101.878	98.9043	0
100.875	101.845	103.794	104.742	104.796	103.791	101.85	98.9172	0
99.7699	100.938	102.881	103.823	103.857	102.833	100.917	97.9429	0
97.4607	98.9662	100.912	101.854	101.912	100.939	99.0083	96.0538	0
94.4909	96.7026	98.8221	99.912	99.9144	98.8112	96.6804	93.4766	0
0	0	0	0	0	0	0	0	0
]
XY3 = [
92.0127	93.7453	95.3205	96.0844	96.0858	95.2903	93.7648	91.3914	0
94.7517	96.1892	97.735	98.5056	98.5077	97.6697	96.1433	93.7926	0
96.5182	97.63	99.1917	100.021	100.013	99.1986	97.7137	95.3091	0
97.4432	98.4229	100.002	100.836	100.835	100.014	98.4778	96.1229	0
97.4917	98.4302	99.9723	100.805	100.821	99.9875	98.4645	96.1168	0
96.5826	97.6824	99.2454	100.081	100.055	99.2443	97.7386	95.3839	0
94.7469	96.0824	97.6424	98.4909	98.5078	97.703	96.1716	93.7667	0
92.3773	94.2211	95.9095	96.7755	96.8071	95.8878	94.2239	91.6795	0
0	0	0	0	0	0	0	0	0
]
color_range = [80 110];
figure(1)
subplot(4,1,1), pcolor(XY0), axis off, caxis( color_range ), colormap(jet)
subplot(4,1,2), pcolor(XY1), axis off, caxis( color_range ), colormap(jet)
subplot(4,1,3), pcolor(XY2), axis off, caxis( color_range ), colormap(jet)
subplot(4,1,4), pcolor(XY3), axis off, caxis( color_range ), colormap(jet)
set(gcf, 'PaperPosition', [1 1 7 30]);
print(gcf,'-djpeg','-r0','R_routing-0_sel-6_BL_pir-0.024000_traffic-0.txt-700000.jpg')

XY0 = [
95.9037	98.0368	100.273	101.377	101.369	100.206	97.98	94.6655	0
99.8549	101.295	103.498	104.612	104.616	103.576	101.319	98.0269	0
102.523	103.473	105.803	106.895	106.867	105.693	103.517	100.251	0
103.864	104.605	106.824	107.999	107.926	106.772	104.593	101.329	0
103.845	104.529	106.764	107.913	107.855	106.765	104.62	101.343	0
102.525	103.503	105.729	106.844	106.855	105.766	103.548	100.216	0
99.9015	101.248	103.515	104.631	104.637	103.529	101.35	98.0285	0
96.4921	98.8779	101.377	102.637	102.659	101.416	98.9185	95.2301	0
0	0	0	0	0	0	0	0	0
]
XY1 = [
95.5682	97.6895	99.8379	100.923	100.931	99.8416	97.6692	94.397	0
99.4054	100.915	103.064	104.13	104.106	103.062	100.914	97.6966	0
101.986	103.048	105.285	106.33	106.36	105.247	103.095	99.8593	0
103.275	104.104	106.325	107.376	107.386	106.268	104.099	100.875	0
103.289	104.127	106.347	107.388	107.371	106.269	104.129	100.875	0
102.049	103.089	105.289	106.362	106.336	105.239	103.115	99.8259	0
99.4368	100.877	103.1	104.205	104.207	103.131	100.966	97.6857	0
96.2013	98.5217	100.917	102.15	102.182	100.968	98.5169	94.8881	0
0	0	0	0	0	0	0	0	0
]
XY2 = [
94.9118	96.9684	99.0597	100.082	100.074	98.9925	96.9223	93.8271	0
98.5647	100.112	102.13	103.167	103.212	102.117	100.084	96.9516	0
101.031	102.094	104.136	105.172	105.277	104.172	102.165	98.9885	0
102.278	103.112	105.194	106.27	106.299	105.206	103.171	100.02	0
102.259	103.098	105.187	106.19	106.233	105.144	103.143	100.013	0
101.077	102.108	104.187	105.191	105.237	104.145	102.185	99.0039	0
98.6124	100.039	102.096	103.113	103.194	102.136	100.122	96.9877	0
95.4858	97.742	100.022	101.189	101.236	100.02	97.7231	94.2885	0
0	0	0	0	0	0	0	0	0
]
XY3 = [
92.6156	94.312	95.9744	96.7629	96.7529	95.9423	94.3192	91.8391	0
95.4939	96.888	98.5171	99.3299	99.314	98.4658	96.8472	94.3832	0
97.4122	98.4428	100.07	100.912	100.919	100.089	98.5005	95.9746	0
98.3785	99.2439	100.923	101.768	101.741	100.91	99.3125	96.7996	0
98.4094	99.26	100.944	101.799	101.785	100.931	99.3093	96.8305	0
97.4308	98.4435	100.118	100.998	100.951	100.126	98.4884	96.0006	0
95.4713	96.7562	98.4448	99.3	99.3093	98.5208	96.8959	94.3745	0
93.0325	94.8953	96.734	97.655	97.6753	96.7215	94.9053	92.2002	0
0	0	0	0	0	0	0	0	0
]
color_range = [80 110];
figure(1)
subplot(4,1,1), pcolor(XY0), axis off, caxis( color_range ), colormap(jet)
subplot(4,1,2), pcolor(XY1), axis off, caxis( color_range ), colormap(jet)
subplot(4,1,3), pcolor(XY2), axis off, caxis( color_range ), colormap(jet)
subplot(4,1,4), pcolor(XY3), axis off, caxis( color_range ), colormap(jet)
set(gcf, 'PaperPosition', [1 1 7 30]);
print(gcf,'-djpeg','-r0','R_routing-0_sel-6_BL_pir-0.024000_traffic-0.txt-800000.jpg')

#Steady State Temp.
XY0 = [
230.801	234.485	241.536	245.626	245.609	241.261	232.631	220.421	0
249.165	251.208	258.983	263.608	263.656	258.828	248.979	234.776	0
261.98	262.544	270.74	275.587	275.671	270.369	260.011	244.7	0
268.305	268.209	276.394	281.413	281.476	276.024	265.34	249.487	0
268.113	267.864	276.042	281.013	281.048	275.671	265.1	249.303	0
261.667	262.067	270.016	274.861	274.893	269.697	259.407	244.144	0
249.533	251.219	259.096	263.789	263.864	258.862	248.955	234.674	0
240.107	244.796	254.148	259.634	259.72	253.943	242.445	226.637	0
0	0	0	0	0	0	0	0	0
]
XY1 = [
229.321	233.045	240.035	244.083	244.07	239.78	231.254	219.171	0
247.448	249.589	257.305	261.886	261.934	257.158	247.435	233.387	0
260.098	260.803	268.934	273.743	273.829	268.598	258.358	243.195	0
266.335	266.39	274.526	279.499	279.569	274.187	263.621	247.931	0
266.148	266.057	274.185	279.113	279.155	273.842	263.377	247.745	0
259.786	260.317	268.211	273.014	273.046	267.9	257.744	242.641	0
247.787	249.573	257.383	262.033	262.107	257.169	247.387	233.253	0
238.384	243.076	252.306	257.717	257.804	252.106	240.785	225.191	0
0	0	0	0	0	0	0	0	0
]
XY2 = [
224.417	228.298	235.101	239.017	239.018	234.916	226.72	215.037	0
241.774	244.271	251.804	256.244	256.294	251.683	242.367	228.816	0
253.889	255.091	263.022	267.71	267.807	262.799	252.938	238.245	0
259.84	260.425	268.412	273.239	273.335	268.176	257.987	242.825	0
259.668	260.129	268.107	272.904	272.965	267.857	257.735	242.629	0
253.577	254.573	262.3	266.973	267.004	262.02	252.293	237.704	0
242.014	244.159	251.767	256.279	256.35	251.617	242.234	228.572	0
232.661	237.391	246.23	251.398	251.487	246.048	235.302	220.398	0
0	0	0	0	0	0	0	0	0
]
XY3 = [
221.412	225.365	232.041	235.863	235.86	231.866	223.896	212.511	0
238.293	240.99	248.391	252.735	252.79	248.289	239.214	225.995	0
250.049	251.538	259.335	263.937	264.044	259.166	249.553	235.196	0
255.829	256.734	264.611	269.352	269.446	264.422	254.485	239.666	0
255.659	256.447	264.31	269.011	269.081	264.103	254.23	239.468	0
249.733	251.009	258.616	263.185	263.226	258.375	248.893	234.646	0
238.464	240.806	248.264	252.663	252.743	248.14	239.012	225.694	0
229.137	233.891	242.479	247.482	247.568	242.31	231.925	217.488	0
0	0	0	0	0	0	0	0	0
]
color_range = [80 110];
figure(1)
subplot(4,1,1), pcolor(XY0), axis off, caxis( color_range ), colormap(jet)
subplot(4,1,2), pcolor(XY1), axis off, caxis( color_range ), colormap(jet)
subplot(4,1,3), pcolor(XY2), axis off, caxis( color_range ), colormap(jet)
subplot(4,1,4), pcolor(XY3), axis off, caxis( color_range ), colormap(jet)
set(gcf, 'PaperPosition', [1 1 7 30]);
print(gcf,'-djpeg','-r0','SS_routing-0_sel-6_BL_pir-0.024000_traffic-0.txt-800000.jpg')
