XY0 = [
86.7264	87.5072	88.0002	88.2451	88.2404	87.9894	87.4645	86.678	0
87.5044	88.2288	88.729	88.9569	88.939	88.6813	88.2106	87.3902	0
88.0396	88.7753	89.2371	89.4602	89.4915	89.2347	88.7549	87.9266	0
88.2876	89.0554	89.5088	89.7422	89.736	89.4838	89.0017	88.2223	0
88.2961	89.044	89.5196	89.7663	89.7289	89.4684	89.0185	88.1914	0
88.0031	88.792	89.2505	89.4971	89.5091	89.2205	88.7781	87.9374	0
87.4893	88.277	88.7251	88.9907	88.9969	88.7346	88.3004	87.46	0
86.7069	87.4763	87.9741	88.2321	88.2236	87.9938	87.4816	86.7123	0
0	0	0	0	0	0	0	0	0
]
XY1 = [
86.6943	87.3768	87.865	88.0937	88.1035	87.8472	87.3652	86.6677	0
87.4137	88.1043	88.6023	88.8332	88.8182	88.5802	88.0868	87.3904	0
87.8889	88.6192	89.1078	89.3158	89.311	89.1018	88.6027	87.8848	0
88.1413	88.8638	89.3508	89.5776	89.5841	89.3153	88.8806	88.1376	0
88.1556	88.8335	89.3261	89.568	89.5467	89.2546	88.8337	88.1026	0
87.9135	88.6487	89.119	89.3595	89.3483	89.0861	88.6421	87.8634	0
87.4011	88.1242	88.5972	88.8253	88.824	88.6006	88.1448	87.361	0
86.6953	87.4019	87.8519	88.125	88.0937	87.8792	87.3974	86.6608	0
0	0	0	0	0	0	0	0	0
]
XY2 = [
86.6797	87.3895	87.8682	88.1017	88.1079	87.8399	87.3938	86.6424	0
87.4039	88.1	88.5982	88.8563	88.86	88.5797	88.1059	87.3765	0
87.8947	88.6085	89.135	89.3569	89.3576	89.1004	88.6078	87.8759	0
88.1315	88.8466	89.3379	89.5579	89.5956	89.3028	88.8543	88.1131	0
88.1418	88.8381	89.3299	89.5744	89.5709	89.3346	88.8736	88.1369	0
87.8681	88.5977	89.1087	89.3065	89.3173	89.1045	88.6243	87.885	0
87.3901	88.0992	88.6168	88.832	88.8509	88.6241	88.1452	87.405	0
86.6686	87.3715	87.8872	88.1224	88.1336	87.898	87.4075	86.6501	0
0	0	0	0	0	0	0	0	0
]
XY3 = [
86.567	87.2511	87.6948	87.9031	87.9578	87.7045	87.246	86.5495	0
87.3311	87.986	88.4457	88.6477	88.65	88.4178	87.9485	87.2737	0
87.8262	88.462	88.9423	89.1399	89.1388	88.9441	88.4382	87.7118	0
88.0551	88.6658	89.1378	89.3688	89.3472	89.1279	88.663	87.9478	0
88.0511	88.6341	89.1381	89.3712	89.3524	89.1551	88.7106	87.9519	0
87.8117	88.3853	88.8962	89.0989	89.0969	88.878	88.434	87.7512	0
87.3595	87.9487	88.4528	88.6793	88.6755	88.4162	87.9677	87.2717	0
86.6073	87.268	87.7421	88.0015	87.9876	87.7418	87.2916	86.5805	0
0	0	0	0	0	0	0	0	0
]
color_range = [80 110];
figure(1)
subplot(4,1,1), pcolor(XY0), axis off, caxis( color_range ), colormap(jet)
subplot(4,1,2), pcolor(XY1), axis off, caxis( color_range ), colormap(jet)
subplot(4,1,3), pcolor(XY2), axis off, caxis( color_range ), colormap(jet)
subplot(4,1,4), pcolor(XY3), axis off, caxis( color_range ), colormap(jet)
set(gcf, 'PaperPosition', [1 1 7 30]);
print(gcf,'-djpeg','-r0','R_routing-0_sel-6_BL_pir-0.022000_traffic-0.txt-100000.jpg')

XY0 = [
88.2268	89.4429	90.3029	90.7371	90.7349	90.2863	89.3906	88.0729	0
89.5872	90.7176	91.6291	92.0241	92.0232	91.6038	90.7594	89.3536	0
90.5844	91.6652	92.5073	92.8693	92.9245	92.4904	91.6137	90.235	0
90.9987	92.0741	92.909	93.311	93.3538	92.8875	92.0221	90.7173	0
91.0031	92.0913	92.8999	93.3281	93.347	92.8562	92.0422	90.6795	0
90.4851	91.6444	92.4408	92.865	92.9004	92.4074	91.6144	90.2351	0
89.5616	90.757	91.5709	92.0196	92.0744	91.6366	90.7822	89.4073	0
88.1974	89.4636	90.3556	90.7728	90.7945	90.3805	89.4911	88.1161	0
0	0	0	0	0	0	0	0	0
]
XY1 = [
88.0751	89.2304	90.0609	90.4818	90.4961	90.0934	89.2316	88.0008	0
89.3909	90.5025	91.3405	91.7839	91.7637	91.3632	90.5114	89.2738	0
90.3001	91.3819	92.1944	92.6624	92.5888	92.2359	91.3624	90.1293	0
90.7495	91.8315	92.6572	93.1225	93.0486	92.6473	91.8139	90.5434	0
90.7448	91.7825	92.6521	93.104	93.0328	92.6033	91.8118	90.519	0
90.2993	91.3981	92.2575	92.6848	92.6022	92.2146	91.3728	90.1172	0
89.3948	90.4945	91.3327	91.7688	91.7371	91.3586	90.5678	89.263	0
88.1229	89.2984	90.1317	90.5698	90.5363	90.1563	89.288	88.0248	0
0	0	0	0	0	0	0	0	0
]
XY2 = [
88.0528	89.2253	90.019	90.4277	90.4308	90.0227	89.2117	87.9327	0
89.352	90.4551	91.2444	91.6915	91.679	91.2677	90.4646	89.2291	0
90.2034	91.338	92.171	92.6166	92.5857	92.2003	91.3163	90.0681	0
90.6645	91.7588	92.5508	92.9419	92.9681	92.5279	91.7409	90.4927	0
90.6429	91.6856	92.5463	92.9695	92.9551	92.5871	91.7592	90.5041	0
90.2278	91.2804	92.1665	92.561	92.5417	92.154	91.3259	90.0868	0
89.3789	90.4558	91.2941	91.6834	91.6674	91.3451	90.4943	89.2374	0
88.0846	89.249	90.1068	90.5574	90.5354	90.1501	89.2808	87.9815	0
0	0	0	0	0	0	0	0	0
]
XY3 = [
87.7547	88.8052	89.5964	89.9495	89.9841	89.6213	88.8415	87.6634	0
88.977	89.9939	90.7491	91.1236	91.1173	90.7673	89.9755	88.8178	0
89.7705	90.7497	91.5199	91.8784	91.892	91.6022	90.7539	89.5896	0
90.1773	91.1245	91.8837	92.2423	92.2511	91.8823	91.1006	89.9373	0
90.1382	91.0799	91.8529	92.2403	92.2377	91.8707	91.1391	89.935	0
89.7656	90.701	91.4631	91.8468	91.832	91.4678	90.7377	89.5818	0
88.9885	89.9694	90.7445	91.1454	91.0876	90.6995	89.9881	88.8099	0
87.7765	88.8522	89.6508	90.0884	90.0655	89.6544	88.8915	87.7139	0
0	0	0	0	0	0	0	0	0
]
color_range = [80 110];
figure(1)
subplot(4,1,1), pcolor(XY0), axis off, caxis( color_range ), colormap(jet)
subplot(4,1,2), pcolor(XY1), axis off, caxis( color_range ), colormap(jet)
subplot(4,1,3), pcolor(XY2), axis off, caxis( color_range ), colormap(jet)
subplot(4,1,4), pcolor(XY3), axis off, caxis( color_range ), colormap(jet)
set(gcf, 'PaperPosition', [1 1 7 30]);
print(gcf,'-djpeg','-r0','R_routing-0_sel-6_BL_pir-0.022000_traffic-0.txt-200000.jpg')

XY0 = [
89.5332	91.0558	92.1687	92.7735	92.7881	92.2129	91.0007	89.2424	0
91.4226	92.7898	93.9989	94.5411	94.5005	93.947	92.815	90.9893	0
92.7531	93.9968	95.1246	95.6713	95.69	95.123	93.9872	92.1644	0
93.3698	94.5878	95.72	96.2634	96.2582	95.6778	94.5377	92.7654	0
93.3742	94.5916	95.7097	96.2648	96.2707	95.6466	94.5346	92.7373	0
92.6796	93.9942	95.1014	95.6437	95.6731	95.0643	93.9964	92.1909	0
91.39	92.8229	93.9637	94.5034	94.534	93.9533	92.8137	91.0183	0
89.5812	91.1996	92.3884	92.9144	92.9394	92.3384	91.1932	89.374	0
0	0	0	0	0	0	0	0	0
]
XY1 = [
89.3896	90.8366	91.9913	92.5546	92.547	91.9884	90.8447	89.1698	0
91.2021	92.5044	93.6442	94.2537	94.2001	93.6572	92.5372	90.8354	0
92.4358	93.677	94.8037	95.4173	95.367	94.8613	93.7217	92.01	0
93.0431	94.2633	95.381	95.9623	95.9616	95.3542	94.2623	92.584	0
93.0525	94.2038	95.3739	95.9387	95.969	95.3439	94.2808	92.557	0
92.4271	93.6374	94.8056	95.3245	95.3322	94.7685	93.6998	92.011	0
91.171	92.5267	93.6863	94.2142	94.2223	93.6622	92.6048	90.8768	0
89.4756	90.9731	92.1413	92.7404	92.7261	92.1395	90.9938	89.2482	0
0	0	0	0	0	0	0	0	0
]
XY2 = [
89.3067	90.7786	91.8581	92.3817	92.4084	91.8709	90.7486	89.0835	0
91.0975	92.4191	93.479	94.0581	94.0634	93.4759	92.3615	90.7702	0
92.2777	93.5617	94.6883	95.2881	95.275	94.7067	93.5169	91.8715	0
92.9055	94.1312	95.1888	95.7214	95.746	95.1319	94.0679	92.4506	0
92.8654	94.0822	95.1402	95.7206	95.7503	95.1613	94.0685	92.4689	0
92.2774	93.562	94.6532	95.1913	95.215	94.6509	93.5494	91.9137	0
91.1002	92.4493	93.5263	94.0395	94.0521	93.5303	92.3844	90.7616	0
89.4256	90.9065	92.0645	92.6541	92.6344	92.0559	90.9047	89.175	0
0	0	0	0	0	0	0	0	0
]
XY3 = [
88.71	90.0198	90.9849	91.4271	91.4549	91.0192	90.0258	88.5356	0
90.2969	91.4937	92.4203	92.9308	92.9332	92.4589	91.4524	90.0361	0
91.3304	92.4773	93.4088	93.8989	93.9306	93.5116	92.4763	91.0282	0
91.9114	92.9807	93.9162	94.4087	94.422	93.9554	92.9402	91.4801	0
91.8489	92.9358	93.853	94.3766	94.4169	93.9632	92.9715	91.497	0
91.3495	92.4509	93.4037	93.9057	93.9016	93.4699	92.4694	91.0305	0
90.3287	91.5176	92.4909	92.9781	92.9746	92.4813	91.509	90.0391	0
88.7949	90.1545	91.177	91.7011	91.7026	91.1663	90.1401	88.6344	0
0	0	0	0	0	0	0	0	0
]
color_range = [80 110];
figure(1)
subplot(4,1,1), pcolor(XY0), axis off, caxis( color_range ), colormap(jet)
subplot(4,1,2), pcolor(XY1), axis off, caxis( color_range ), colormap(jet)
subplot(4,1,3), pcolor(XY2), axis off, caxis( color_range ), colormap(jet)
subplot(4,1,4), pcolor(XY3), axis off, caxis( color_range ), colormap(jet)
set(gcf, 'PaperPosition', [1 1 7 30]);
print(gcf,'-djpeg','-r0','R_routing-0_sel-6_BL_pir-0.022000_traffic-0.txt-300000.jpg')

XY0 = [
90.7458	92.4749	93.816	94.5696	94.5526	93.8337	92.4077	90.3078	0
93.0886	94.5489	95.955	96.683	96.5815	95.8914	94.5421	92.3751	0
94.6906	96.0175	97.356	98.0656	98.0705	97.3459	95.9938	93.8232	0
95.4615	96.6965	98.0644	98.7514	98.7669	98.0316	96.6483	94.5424	0
95.4265	96.695	98.0509	98.7706	98.7716	98.0215	96.6247	94.5253	0
94.656	96.0106	97.3667	98.0267	98.0599	97.277	95.9733	93.818	0
93.0677	94.5464	95.9712	96.5968	96.6508	95.9269	94.5516	92.4187	0
90.9106	92.7041	94.1573	94.838	94.866	94.1201	92.6881	90.4912	0
0	0	0	0	0	0	0	0	0
]
XY1 = [
90.5978	92.2829	93.6574	94.3156	94.2987	93.5928	92.2087	90.1974	0
92.8356	94.2574	95.6398	96.3434	96.2968	95.6487	94.2653	92.2363	0
94.3737	95.6828	97.0245	97.7563	97.6922	97.0811	95.6415	93.6092	0
95.1409	96.3648	97.7123	98.4474	98.4181	97.7006	96.3218	94.2916	0
95.1028	96.3114	97.6715	98.4347	98.3908	97.6594	96.3017	94.2857	0
94.3438	95.6458	97.0169	97.7068	97.6894	96.9862	95.6489	93.6479	0
92.8403	94.2823	95.67	96.3547	96.3269	95.6197	94.3041	92.2757	0
90.7645	92.4884	93.9404	94.6553	94.6612	93.9341	92.5213	90.3852	0
0	0	0	0	0	0	0	0	0
]
XY2 = [
90.4208	92.0736	93.3944	94.0304	94.0435	93.3804	92.0374	90.0775	0
92.6373	94.0544	95.362	95.9905	95.9733	95.3156	94.0013	92.1026	0
94.0894	95.4039	96.7333	97.4299	97.4374	96.7852	95.3943	93.4084	0
94.823	96.0818	97.3405	97.9988	98.0402	97.3596	96.0297	94.085	0
94.8025	96.0541	97.3017	97.9976	98.0461	97.3851	96.0395	94.1076	0
94.0983	95.4111	96.74	97.3515	97.3971	96.7237	95.3646	93.4365	0
92.6535	94.0667	95.4009	95.9895	96.027	95.3436	94.0287	92.0773	0
90.6086	92.2949	93.7134	94.3975	94.3981	93.72	92.3266	90.2174	0
0	0	0	0	0	0	0	0	0
]
XY3 = [
89.5313	90.9858	92.1189	92.6481	92.6781	92.1604	90.9645	89.2898	0
91.4477	92.712	93.7916	94.3579	94.379	93.8245	92.6453	90.9925	0
92.6568	93.8329	94.9462	95.5135	95.5171	94.9998	93.7831	92.1459	0
93.3037	94.4374	95.5021	96.0809	96.0775	95.5136	94.3437	92.6791	0
93.2752	94.3837	95.4382	96.0843	96.091	95.566	94.405	92.6818	0
92.6884	93.7946	94.9022	95.4897	95.4988	94.9629	93.8357	92.1202	0
91.4153	92.7256	93.8164	94.3751	94.3754	93.8138	92.6879	90.9824	0
89.6542	91.1643	92.3495	92.9695	92.9853	92.3815	91.1872	89.4032	0
0	0	0	0	0	0	0	0	0
]
color_range = [80 110];
figure(1)
subplot(4,1,1), pcolor(XY0), axis off, caxis( color_range ), colormap(jet)
subplot(4,1,2), pcolor(XY1), axis off, caxis( color_range ), colormap(jet)
subplot(4,1,3), pcolor(XY2), axis off, caxis( color_range ), colormap(jet)
subplot(4,1,4), pcolor(XY3), axis off, caxis( color_range ), colormap(jet)
set(gcf, 'PaperPosition', [1 1 7 30]);
print(gcf,'-djpeg','-r0','R_routing-0_sel-6_BL_pir-0.022000_traffic-0.txt-400000.jpg')

XY0 = [
91.9151	93.7729	95.2989	96.1416	96.1154	95.2885	93.6998	91.3005	0
94.6259	96.096	97.6739	98.4803	98.4184	97.6443	96.1143	93.667	0
96.4808	97.7215	99.241	100.082	100.112	99.2482	97.6736	95.2716	0
97.3649	98.5115	100.063	100.86	100.872	100.046	98.4418	96.0766	0
97.3122	98.4575	100.015	100.876	100.905	100.075	98.4697	96.1173	0
96.4266	97.7046	99.2824	100.067	100.159	99.2516	97.7101	95.309	0
94.6154	96.0891	97.7163	98.487	98.5269	97.6962	96.128	93.7061	0
92.1723	94.0753	95.7695	96.5907	96.6042	95.7404	94.0694	91.5191	0
0	0	0	0	0	0	0	0	0
]
XY1 = [
91.7006	93.5242	95.0884	95.8545	95.8446	95.0409	93.4544	91.1512	0
94.3381	95.8385	97.3871	98.186	98.1497	97.3763	95.8041	93.4769	0
96.1187	97.4339	98.9585	99.7675	99.7303	99.0143	97.3753	95.0333	0
97.031	98.2275	99.7048	100.511	100.503	99.7252	98.1531	95.799	0
97.0222	98.208	99.6992	100.547	100.531	99.7128	98.145	95.8045	0
96.1387	97.4022	98.9316	99.7661	99.734	98.939	97.3564	95.0315	0
94.3453	95.8008	97.3564	98.1612	98.1199	97.3113	95.7684	93.4328	0
91.9769	93.8588	95.5216	96.328	96.3168	95.5306	93.8694	91.3942	0
0	0	0	0	0	0	0	0	0
]
XY2 = [
91.4491	93.2542	94.7412	95.4646	95.4794	94.7045	93.1649	90.955	0
94.0301	95.4865	96.971	97.6766	97.6969	96.9511	95.4278	93.2081	0
95.737	97.0178	98.5556	99.3073	99.3314	98.5755	97.0012	94.7353	0
96.5867	97.8076	99.2275	99.9823	100.048	99.2495	97.7332	95.4768	0
96.5262	97.753	99.1851	99.9657	100.021	99.2242	97.7167	95.5184	0
95.694	96.9872	98.4953	99.2143	99.2746	98.5153	96.9494	94.7349	0
93.9998	95.5097	97.0056	97.7108	97.7377	96.9918	95.4665	93.2345	0
91.6786	93.5175	95.1542	95.9594	95.9475	95.1807	93.5784	91.155	0
0	0	0	0	0	0	0	0	0
]
XY3 = [
90.2558	91.7828	93.0278	93.62	93.6238	93.0083	91.7319	89.8822	0
92.3906	93.7069	94.9146	95.4991	95.5201	94.8977	93.6222	91.7283	0
93.7793	94.94	96.1942	96.7896	96.8299	96.1738	94.8879	93.0189	0
94.4982	95.5567	96.7771	97.4278	97.4646	96.7945	95.5364	93.6399	0
94.4691	95.5426	96.761	97.4308	97.4283	96.8055	95.5456	93.6381	0
93.8165	94.8635	96.1838	96.8144	96.8406	96.2165	94.9208	93.0242	0
92.3879	93.6692	94.9224	95.5358	95.5491	94.922	93.6537	91.7632	0
90.4296	92.021	93.356	94.0553	94.074	93.4113	92.0628	90.0337	0
0	0	0	0	0	0	0	0	0
]
color_range = [80 110];
figure(1)
subplot(4,1,1), pcolor(XY0), axis off, caxis( color_range ), colormap(jet)
subplot(4,1,2), pcolor(XY1), axis off, caxis( color_range ), colormap(jet)
subplot(4,1,3), pcolor(XY2), axis off, caxis( color_range ), colormap(jet)
subplot(4,1,4), pcolor(XY3), axis off, caxis( color_range ), colormap(jet)
set(gcf, 'PaperPosition', [1 1 7 30]);
print(gcf,'-djpeg','-r0','R_routing-0_sel-6_BL_pir-0.022000_traffic-0.txt-500000.jpg')

XY0 = [
93.0013	94.9113	96.634	97.5332	97.5002	96.579	94.8189	92.207	0
96.0652	97.5043	99.2394	100.13	100.04	99.1637	97.4588	94.8471	0
98.1103	99.2594	100.975	101.892	101.887	100.943	99.2344	96.6192	0
99.122	100.124	101.877	102.771	102.769	101.847	100.144	97.5276	0
99.0862	100.095	101.848	102.747	102.749	101.828	100.122	97.5075	0
98.0966	99.2345	101.017	101.863	101.936	100.95	99.2465	96.6055	0
96.0376	97.472	99.275	100.127	100.129	99.2349	97.5212	94.8565	0
93.368	95.3452	97.2427	98.1648	98.1603	97.2185	95.3638	92.5036	0
0	0	0	0	0	0	0	0	0
]
XY1 = [
92.7711	94.6739	96.3657	97.251	97.2245	96.3389	94.5663	92.0079	0
95.7286	97.2179	98.9184	99.8088	99.762	98.9106	97.1882	94.6088	0
97.74	98.975	100.649	101.556	101.491	100.684	98.9172	96.3088	0
98.7863	99.8574	101.468	102.368	102.356	101.487	99.7546	97.1325	0
98.7597	99.8202	101.489	102.397	102.379	101.498	99.7635	97.1591	0
97.7758	98.9173	100.627	101.525	101.506	100.653	98.9211	96.2859	0
95.6892	97.1506	98.8622	99.7695	99.693	98.857	97.1447	94.5768	0
93.1178	95.0649	96.9443	97.8994	97.8889	96.9845	95.1129	92.3534	0
0	0	0	0	0	0	0	0	0
]
XY2 = [
92.3751	94.2885	95.9051	96.7256	96.6997	95.8631	94.1779	91.722	0
95.2679	96.7505	98.3773	99.1898	99.1702	98.3734	96.691	94.218	0
97.18	98.4136	100.057	100.916	100.886	100.092	98.3679	95.8805	0
98.1467	99.2431	100.845	101.692	101.692	100.873	99.172	96.6845	0
98.0896	99.1651	100.779	101.685	101.667	100.849	99.173	96.7258	0
97.1683	98.3519	100.037	100.849	100.839	100.062	98.3513	95.8995	0
95.2503	96.725	98.3763	99.2036	99.1369	98.3649	96.6982	94.2118	0
92.7366	94.6578	96.459	97.3583	97.3095	96.4726	94.7006	91.9996	0
0	0	0	0	0	0	0	0	0
]
XY3 = [
90.8863	92.446	93.7601	94.4305	94.4325	93.7718	92.4093	90.3956	0
93.2486	94.5593	95.8552	96.5038	96.4656	95.8138	94.4683	92.4236	0
94.7929	95.8422	97.1951	97.8964	97.8679	97.1909	95.8473	93.8191	0
95.5848	96.5114	97.8667	98.5627	98.5579	97.847	96.5234	94.4467	0
95.5332	96.4449	97.8255	98.5287	98.4923	97.8144	96.5241	94.4683	0
94.8017	95.8046	97.2318	97.8929	97.8886	97.2311	95.8035	93.8131	0
93.2409	94.4931	95.8269	96.5387	96.5105	95.8712	94.4744	92.4235	0
91.1575	92.7887	94.2559	95.0243	95.0172	94.3283	92.8468	90.6285	0
0	0	0	0	0	0	0	0	0
]
color_range = [80 110];
figure(1)
subplot(4,1,1), pcolor(XY0), axis off, caxis( color_range ), colormap(jet)
subplot(4,1,2), pcolor(XY1), axis off, caxis( color_range ), colormap(jet)
subplot(4,1,3), pcolor(XY2), axis off, caxis( color_range ), colormap(jet)
subplot(4,1,4), pcolor(XY3), axis off, caxis( color_range ), colormap(jet)
set(gcf, 'PaperPosition', [1 1 7 30]);
print(gcf,'-djpeg','-r0','R_routing-0_sel-6_BL_pir-0.022000_traffic-0.txt-600000.jpg')

XY0 = [
94.041	96.0004	97.8867	98.8571	98.8036	97.8336	95.9078	93.0806	0
97.4037	98.7678	100.659	101.65	101.562	100.641	98.7493	95.9386	0
99.6531	100.719	102.593	103.587	103.56	102.599	100.706	97.8652	0
100.776	101.643	103.521	104.472	104.479	103.521	101.651	98.7867	0
100.744	101.634	103.522	104.475	104.489	103.514	101.646	98.7756	0
99.6347	100.68	102.584	103.472	103.58	102.586	100.71	97.8171	0
97.3683	98.8155	100.689	101.594	101.625	100.68	98.7974	95.9079	0
94.5159	96.5891	98.6496	99.669	99.7142	98.6484	96.5997	93.4511	0
0	0	0	0	0	0	0	0	0
]
XY1 = [
93.75	95.6929	97.5704	98.5062	98.4653	97.5185	95.6028	92.8523	0
97.0376	98.4458	100.273	101.274	101.181	100.271	98.4083	95.6502	0
99.2553	100.35	102.18	103.154	103.079	102.208	100.249	97.496	0
100.361	101.26	103.042	103.99	103.965	103.099	101.163	98.4296	0
100.315	101.259	103.065	104.008	104.02	103.07	101.144	98.4383	0
99.2479	100.331	102.201	103.139	103.141	102.171	100.292	97.5076	0
96.9877	98.4186	100.284	101.254	101.202	100.261	98.3814	95.6318	0
94.2204	96.2276	98.3038	99.3469	99.3497	98.3175	96.3037	93.2736	0
0	0	0	0	0	0	0	0	0
]
XY2 = [
93.2695	95.1816	96.939	97.7649	97.7803	96.894	95.088	92.4351	0
96.4217	97.8212	99.5981	100.466	100.433	99.574	97.7555	95.1178	0
98.519	99.637	101.407	102.295	102.293	101.452	99.5732	96.9147	0
99.551	100.51	102.247	103.138	103.156	102.254	100.418	97.7731	0
99.484	100.449	102.224	103.15	103.088	102.21	100.439	97.8357	0
98.5112	99.6055	101.453	102.32	102.27	101.385	99.5603	96.9283	0
96.4117	97.8155	99.6248	100.529	100.422	99.5955	97.8029	95.1428	0
93.6956	95.6725	97.6076	98.5935	98.5945	97.6462	95.7485	92.8273	0
0	0	0	0	0	0	0	0	0
]
XY3 = [
91.459	93.0556	94.4559	95.1648	95.1593	94.4438	93.0202	90.8752	0
93.9721	95.2502	96.6515	97.3816	97.3526	96.6197	95.1927	93.0151	0
95.6538	96.7079	98.1194	98.8338	98.8229	98.079	96.623	94.4899	0
96.5199	97.3791	98.7967	99.5233	99.5453	98.8087	97.3519	95.1835	0
96.4852	97.3734	98.8099	99.5285	99.5358	98.804	97.3469	95.2274	0
95.6675	96.6646	98.1183	98.7991	98.8188	98.1194	96.5913	94.5171	0
93.9714	95.2285	96.59	97.3667	97.3506	96.6626	95.1854	93.0635	0
91.7889	93.462	95.0163	95.8655	95.8705	95.0973	93.5407	91.1616	0
0	0	0	0	0	0	0	0	0
]
color_range = [80 110];
figure(1)
subplot(4,1,1), pcolor(XY0), axis off, caxis( color_range ), colormap(jet)
subplot(4,1,2), pcolor(XY1), axis off, caxis( color_range ), colormap(jet)
subplot(4,1,3), pcolor(XY2), axis off, caxis( color_range ), colormap(jet)
subplot(4,1,4), pcolor(XY3), axis off, caxis( color_range ), colormap(jet)
set(gcf, 'PaperPosition', [1 1 7 30]);
print(gcf,'-djpeg','-r0','R_routing-0_sel-6_BL_pir-0.022000_traffic-0.txt-700000.jpg')

XY0 = [
95.0306	97.0244	99.0331	100.042	99.9986	98.954	96.9093	93.9282	0
98.6695	100.005	102.004	103.024	102.968	101.969	99.9774	96.9675	0
101.12	102.094	104.066	105.074	105.128	104.102	102.038	99.0091	0
102.311	103.063	105.01	105.989	106.032	105.04	103.026	99.9827	0
102.293	103.051	105.016	106.029	106.073	104.999	103.031	99.9684	0
101.086	102.018	103.986	104.942	105.087	104.034	101.991	98.952	0
98.6078	100.01	101.996	102.978	103.017	101.999	99.9692	96.9332	0
95.5975	97.7202	99.9668	101.085	101.131	99.9746	97.7301	94.3762	0
0	0	0	0	0	0	0	0	0
]
XY1 = [
94.7032	96.691	98.6752	99.6873	99.6419	98.6561	96.6233	93.6498	0
98.2485	99.6199	101.558	102.654	102.559	101.589	99.6111	96.667	0
100.665	101.672	103.602	104.672	104.583	103.646	101.597	98.609	0
101.853	102.592	104.504	105.565	105.534	104.612	102.565	99.6111	0
101.843	102.609	104.584	105.636	105.611	104.589	102.536	99.5906	0
100.649	101.59	103.628	104.643	104.599	103.589	101.565	98.5903	0
98.2535	99.5945	101.624	102.635	102.591	101.595	99.5476	96.6079	0
95.2957	97.3478	99.6117	100.726	100.728	99.5987	97.3914	94.1343	0
0	0	0	0	0	0	0	0	0
]
XY2 = [
94.0853	96.02	97.9025	98.8043	98.8105	97.8723	95.9532	93.1167	0
97.4976	98.8596	100.742	101.707	101.633	100.716	98.789	95.9668	0
99.7457	100.774	102.631	103.581	103.547	102.639	100.695	97.8543	0
100.879	101.705	103.557	104.538	104.519	103.558	101.633	98.7841	0
100.839	101.598	103.469	104.445	104.413	103.47	101.6	98.8049	0
99.778	100.714	102.646	103.566	103.521	102.596	100.653	97.8503	0
97.5035	98.8358	100.706	101.665	101.618	100.695	98.803	95.9792	0
94.6474	96.6653	98.7435	99.8124	99.7803	98.77	96.7111	93.5883	0
0	0	0	0	0	0	0	0	0
]
XY3 = [
91.9749	93.5864	95.1022	95.8077	95.7864	95.0217	93.5199	91.2594	0
94.6271	95.8518	97.3911	98.1115	98.1002	97.3703	95.7971	93.5201	0
96.4122	97.4313	98.9435	99.6687	99.6422	98.9068	97.3132	95.0544	0
97.3156	98.1474	99.6698	100.422	100.415	99.6663	98.0549	95.8027	0
97.2654	98.1186	99.655	100.375	100.359	99.5882	98.0272	95.8277	0
96.4351	97.4041	98.9368	99.6298	99.6364	98.9041	97.2648	95.104	0
94.6289	95.8575	97.3373	98.111	98.1121	97.3538	95.8117	93.597	0
92.3784	94.0693	95.7102	96.6001	96.6221	95.7813	94.1246	91.6439	0
0	0	0	0	0	0	0	0	0
]
color_range = [80 110];
figure(1)
subplot(4,1,1), pcolor(XY0), axis off, caxis( color_range ), colormap(jet)
subplot(4,1,2), pcolor(XY1), axis off, caxis( color_range ), colormap(jet)
subplot(4,1,3), pcolor(XY2), axis off, caxis( color_range ), colormap(jet)
subplot(4,1,4), pcolor(XY3), axis off, caxis( color_range ), colormap(jet)
set(gcf, 'PaperPosition', [1 1 7 30]);
print(gcf,'-djpeg','-r0','R_routing-0_sel-6_BL_pir-0.022000_traffic-0.txt-800000.jpg')

#Steady State Temp.
XY0 = [
215.77	219.237	225.662	229.388	229.232	225.201	217.261	206.163	0
232.74	234.625	241.697	245.959	245.731	241.23	232.277	219.241	0
244.514	245.215	252.406	256.867	256.872	252.12	242.493	228.34	0
250.221	250.234	257.477	262.018	262.085	257.205	247.393	232.799	0
249.917	249.918	257.232	261.791	261.857	256.878	247.12	232.553	0
243.873	244.448	251.706	256.061	256.199	251.376	241.864	227.752	0
232.678	234.519	241.658	245.917	245.931	241.302	232.198	219.002	0
224.263	228.396	236.827	241.757	241.773	236.453	226.125	211.715	0
0	0	0	0	0	0	0	0	0
]
XY1 = [
214.401	217.898	224.277	227.957	227.809	223.831	215.986	205.014	0
231.16	233.127	240.145	244.376	244.155	239.71	230.851	217.971	0
242.775	243.595	250.748	255.181	255.166	250.489	240.955	226.964	0
248.415	248.558	255.759	260.275	260.335	255.516	245.804	231.371	0
248.112	248.237	255.518	260.045	260.103	255.186	245.526	231.127	0
242.146	242.824	250.051	254.378	254.486	249.735	240.321	226.376	0
231.077	232.981	240.067	244.293	244.289	239.723	230.73	217.698	0
222.671	226.803	235.137	240.01	240.016	234.783	224.605	210.404	0
0	0	0	0	0	0	0	0	0
]
XY2 = [
209.862	213.483	219.725	223.261	223.135	219.329	211.783	201.213	0
225.937	228.203	235.059	239.193	238.995	234.728	226.168	213.789	0
237.038	238.28	245.32	249.664	249.584	245.152	235.914	222.441	0
242.457	243.061	250.139	254.577	254.612	249.99	240.598	226.679	0
242.158	242.724	249.91	254.337	254.37	249.649	240.305	226.444	0
236.446	237.495	244.634	248.871	248.88	244.361	235.263	221.856	0
225.786	227.921	234.85	238.967	238.906	234.546	225.905	213.402	0
217.386	221.537	229.561	234.249	234.225	229.273	219.583	206.06	0
0	0	0	0	0	0	0	0	0
]
XY3 = [
207.096	210.795	216.907	220.348	220.24	216.54	209.202	198.891	0
222.739	225.181	231.921	235.951	235.774	231.618	223.275	211.2	0
233.506	235.005	241.953	246.201	246.14	241.812	232.8	219.649	0
238.763	239.666	246.655	250.999	251.049	246.531	237.369	223.781	0
238.46	239.32	246.408	250.745	250.785	246.193	237.079	223.558	0
232.914	234.217	241.254	245.39	245.405	241.012	232.134	219.066	0
222.539	224.841	231.635	235.647	235.593	231.364	222.953	210.775	0
214.146	218.323	226.12	230.664	230.64	225.863	216.497	203.39	0
0	0	0	0	0	0	0	0	0
]
color_range = [80 110];
figure(1)
subplot(4,1,1), pcolor(XY0), axis off, caxis( color_range ), colormap(jet)
subplot(4,1,2), pcolor(XY1), axis off, caxis( color_range ), colormap(jet)
subplot(4,1,3), pcolor(XY2), axis off, caxis( color_range ), colormap(jet)
subplot(4,1,4), pcolor(XY3), axis off, caxis( color_range ), colormap(jet)
set(gcf, 'PaperPosition', [1 1 7 30]);
print(gcf,'-djpeg','-r0','SS_routing-0_sel-6_BL_pir-0.022000_traffic-0.txt-800000.jpg')
