XY0 = [
491440	705592	842744	913952	911376	838064	696816	488880	0
701464	910784	1049704	1120848	1116472	1045832	909984	697240	0
842928	1055360	1190824	1260240	1266376	1190456	1052976	839432	0
911376	1123864	1259080	1326856	1330472	1258352	1121168	909936	0
910624	1123328	1258968	1329400	1331832	1257544	1122392	908016	0
840592	1051864	1187376	1253392	1263600	1186808	1050304	837704	0
697808	913016	1049984	1117272	1122456	1051336	911776	698208	0
488000	698432	836304	903592	907536	835960	697656	488160	0
0	0	0	0	0	0	0	0	0
]
XY1 = [
629784	841560	982848	1053632	1050168	980088	834848	627992	0
839576	1048160	1185016	1266000	1255776	1189208	1045592	839000	0
978544	1193400	1327736	1404592	1397320	1334672	1186384	979832	0
1050592	1262672	1395112	1473704	1468872	1400352	1257976	1048680	0
1050960	1260960	1399416	1476792	1472360	1396240	1256344	1045968	0
983000	1187880	1331744	1404616	1402976	1329192	1186024	979248	0
835872	1045520	1188200	1259208	1255544	1185296	1043560	835832	0
631112	834584	975368	1049824	1049632	979048	838216	631688	0
0	0	0	0	0	0	0	0	0
]
XY2 = [
627192	841448	979104	1046128	1046600	978216	835256	625112	0
840728	1050768	1187824	1257880	1252952	1185360	1044120	838720	0
977464	1193264	1333616	1403296	1403664	1335504	1187040	980440	0
1048920	1262808	1397496	1469032	1471072	1396720	1257168	1048168	0
1043192	1255336	1390752	1464640	1464344	1392856	1257168	1051696	0
979264	1189440	1334896	1400144	1400992	1330608	1185560	981504	0
838376	1049888	1190544	1257048	1254512	1189384	1046984	839296	0
629960	835144	974800	1048200	1044136	977672	838712	629504	0
0	0	0	0	0	0	0	0	0
]
XY3 = [
485568	696192	835616	902136	903920	835384	693960	484768	0
698720	912304	1049560	1116960	1115632	1047968	904448	695160	0
838808	1053752	1192200	1259016	1259088	1192352	1045328	838536	0
911408	1119368	1260128	1331000	1329808	1261952	1115384	905344	0
906864	1116808	1257104	1327664	1327208	1258056	1117000	906168	0
841328	1047504	1190168	1258168	1259392	1191944	1044384	839376	0
699296	909352	1046312	1120752	1118704	1048472	906872	698496	0
489096	697600	837352	914312	914224	843128	702016	491032	0
0	0	0	0	0	0	0	0	0
]
color_range = [0 100000];
figure(1)
subplot(4,1,1), pcolor(XY0), axis off, caxis( color_range ), colormap(jet)
subplot(4,1,2), pcolor(XY1), axis off, caxis( color_range ), colormap(jet)
subplot(4,1,3), pcolor(XY2), axis off, caxis( color_range ), colormap(jet)
subplot(4,1,4), pcolor(XY3), axis off, caxis( color_range ), colormap(jet)
set(gcf, 'PaperPosition', [1 1 7 30]);
print(gcf,'-djpeg','-r0','_routing-0_sel-6_BL_pir-0.022000_traffic-0.txt.jpg')
total waiting time
XY0 = [
609984	1041752	1357788	1729546	1653436	1343039	1018463	595429	0
1052986	1548295	1934270	2452305	2210413	1839657	1460708	961410	0
1388415	1967578	2441299	2842058	3160718	2402088	1865260	1264796	0
1761952	2457691	3070602	3727862	3506987	2931640	2201109	1642993	0
1697303	2245984	2920646	3763871	3458858	2789400	2413379	1609290	0
1289061	1819464	2276594	2690546	3169213	2412680	1930302	1288303	0
974071	1455170	1834360	2166360	2501205	1921817	1511303	990782	0
586335	996266	1295331	1563672	1651911	1300882	1003111	596784	0
0	0	0	0	0	0	0	0	0
]
XY1 = [
811053	1231798	1550006	1819534	1942496	1580722	1223226	801590	0
1252205	1761069	2110036	2765507	2337165	2031591	1657091	1196075	0
1590110	2250581	2728233	3539623	2957546	2505968	2049569	1463133	0
1908084	2648453	3183525	3805819	3701240	2995220	2397032	1810377	0
1898739	2399713	3127282	4047387	3498212	3066940	2507962	1844305	0
1491217	2069246	2576103	3402796	2893707	2623626	2104213	1510001	0
1173258	1652925	2082051	2718431	2349916	2041895	1672564	1188803	0
794972	1191903	1501683	1873918	1792044	1542874	1225474	809095	0
0	0	0	0	0	0	0	0	0
]
XY2 = [
800156	1252534	1562381	1854719	1935519	1559957	1243530	792796	0
1233010	1741322	2114328	2578135	2517245	2050042	1674446	1171099	0
1584311	2200617	2701108	3235908	3152572	2545836	2094853	1465131	0
1936250	2624951	3183970	3813902	3479637	2995488	2485872	1717642	0
1793759	2383358	3085579	3713648	3563207	3063712	2444512	1927504	0
1479890	2050849	2512485	3096398	3257624	2668724	2133513	1545686	0
1173153	1657910	2065643	2529668	2566725	2128492	1713046	1218633	0
794181	1193448	1509569	1761243	1900741	1549579	1239772	798352	0
0	0	0	0	0	0	0	0	0
]
XY3 = [
568892	984397	1289809	1604184	1557023	1290553	978885	566930	0
987696	1477494	1838894	2180859	2339124	1817166	1416168	921661	0
1323343	1875410	2346749	2866202	2816298	2215983	1774848	1192107	0
1720862	2299466	2833986	3523071	3319171	2666588	2152374	1454567	0
1391311	2010898	2658396	3380170	3232705	2705363	2126008	1503974	0
1220697	1759116	2247766	2919159	2688697	2266309	1788165	1225642	0
933302	1396282	1770907	2319400	2144449	1803015	1433373	936169	0
563182	969075	1269068	1595787	1560023	1292873	999734	575046	0
0	0	0	0	0	0	0	0	0
]
color_range = [0 100000];
figure(1)
subplot(4,1,1), pcolor(XY0), axis off, caxis( color_range ), colormap(jet)
subplot(4,1,2), pcolor(XY1), axis off, caxis( color_range ), colormap(jet)
subplot(4,1,3), pcolor(XY2), axis off, caxis( color_range ), colormap(jet)
subplot(4,1,4), pcolor(XY3), axis off, caxis( color_range ), colormap(jet)
