XY0 = [
536640	764592	915368	992304	992504	912168	758936	531104	0
765672	992856	1143544	1218352	1219928	1144648	987984	762704	0
916680	1139280	1299592	1372168	1374920	1292624	1139296	918000	0
993608	1219288	1375504	1451544	1451896	1370416	1217416	991888	0
992024	1212248	1368632	1442160	1443888	1364720	1217440	994240	0
916536	1140000	1295160	1370952	1372984	1297112	1141968	916200	0
765032	983712	1140872	1214464	1216416	1139080	987016	764744	0
530808	759080	915320	992008	993808	917576	760544	536464	0
0	0	0	0	0	0	0	0	0
]
XY1 = [
691208	920616	1071288	1149392	1150656	1074128	918168	683536	0
913152	1145784	1296648	1372360	1371544	1297336	1142040	916192	0
1068992	1293872	1453832	1528096	1527968	1450616	1299032	1069112	0
1142416	1371440	1525208	1601080	1603872	1524024	1372800	1144224	0
1141056	1367632	1525344	1600128	1602928	1523328	1368768	1144360	0
1068488	1295960	1447888	1527616	1528488	1445536	1297664	1069584	0
917088	1138856	1301248	1377816	1379424	1301448	1150944	918656	0
689592	917736	1072152	1146560	1151760	1071144	916128	688776	0
0	0	0	0	0	0	0	0	0
]
XY2 = [
686856	913328	1069520	1144656	1142160	1064600	911432	679472	0
909424	1145560	1293128	1371616	1372632	1295328	1139320	912128	0
1066848	1294736	1445912	1525016	1526776	1449976	1301752	1065168	0
1143920	1371224	1522704	1606184	1605912	1525904	1376328	1139184	0
1144160	1370984	1526616	1600048	1603648	1524800	1372912	1140392	0
1069672	1298504	1449448	1521696	1524072	1446176	1296224	1063104	0
917320	1142664	1297920	1371608	1375728	1299128	1148128	915264	0
686784	919488	1073664	1146328	1149768	1068280	916448	687568	0
0	0	0	0	0	0	0	0	0
]
XY3 = [
531848	757280	912688	986008	984472	910840	761344	531728	0
761768	994368	1149192	1223752	1223880	1143544	991800	765216	0
911768	1137040	1294320	1369704	1369504	1291176	1143432	915480	0
988272	1215608	1372752	1450072	1453184	1371944	1221208	990912	0
990656	1215040	1373792	1450320	1449408	1370712	1220888	993968	0
916160	1141256	1299712	1382440	1379408	1303144	1149040	919280	0
761008	986880	1144352	1225528	1224216	1148904	998744	763840	0
531296	761648	916920	995288	996624	915440	764336	535024	0
0	0	0	0	0	0	0	0	0
]
color_range = [0 100000];
figure(1)
subplot(4,1,1), pcolor(XY0), axis off, caxis( color_range ), colormap(jet)
subplot(4,1,2), pcolor(XY1), axis off, caxis( color_range ), colormap(jet)
subplot(4,1,3), pcolor(XY2), axis off, caxis( color_range ), colormap(jet)
subplot(4,1,4), pcolor(XY3), axis off, caxis( color_range ), colormap(jet)
set(gcf, 'PaperPosition', [1 1 7 30]);
print(gcf,'-djpeg','-r0','_routing-0_sel-6_BL_pir-0.024000_traffic-0.txt.jpg')
total waiting time
XY0 = [
695179	1202545	1582278	2095421	1910763	1579083	1186190	676818	0
1235434	1856385	2356409	2855659	2941106	2266271	1737736	1125659	0
1664449	2471746	3176930	3595234	4268872	3030524	2315954	1498157	0
2276550	3194243	4028067	4598114	5037813	3840286	3058185	2003880	0
1878081	2786312	3486169	4164464	4837395	3662304	2881152	2014311	0
1509313	2220446	2846731	3350582	4100553	3089941	2410460	1574840	0
1113141	1675281	2144863	2556649	3071125	2301253	1783163	1161075	0
657777	1140295	1527440	1917247	1954403	1547147	1173223	679701	0
0	0	0	0	0	0	0	0	0
]
XY1 = [
926377	1464954	1868364	2237822	2449896	1947678	1474905	902718	0
1460775	2146464	2654851	3476241	2987598	2471658	2007297	1367751	0
1932526	2848914	3542864	4540233	3674201	3164228	2603851	1771290	0
2194186	3306639	4103502	4591673	5072185	3892932	3149435	2323314	0
2400843	2976093	3847821	4210033	5087466	4018845	3141604	2102134	0
1792066	2451512	3137603	3479213	4331559	3301397	2660672	1823653	0
1363683	1922520	2469799	3035535	3231254	2633351	2083827	1404051	0
901430	1380849	1774566	2162997	2229627	1821939	1417299	923723	0
0	0	0	0	0	0	0	0	0
]
XY2 = [
918285	1435067	1851267	2333507	2195720	1832771	1406743	882722	0
1455697	2094247	2604759	3235549	3031763	2473304	1971572	1341228	0
1918234	2661072	3289525	4000910	3862992	3078991	2523181	1715896	0
2407021	3166411	3938193	4773559	4525539	3717262	2971439	2171088	0
2220067	3228434	4242921	4920508	4554705	4006623	3212421	2190702	0
1744946	2497408	3202601	3857753	4088205	3313673	2705211	1801459	0
1357214	1943141	2487024	2894178	3415360	2653829	2120458	1411954	0
892396	1414314	1831314	2315950	2091686	1822067	1429277	910230	0
0	0	0	0	0	0	0	0	0
]
XY3 = [
650031	1129601	1527285	2040927	1737837	1496023	1136283	633932	0
1157784	1753633	2259644	2857637	2682463	2148273	1667699	1070434	0
1534586	2285420	2924532	3558343	3537590	2713489	2134740	1382595	0
1998665	2825072	3653856	4391642	4126704	3295915	2657784	1660250	0
1728974	2548036	3334160	4127170	4326663	3428191	2641440	1866365	0
1417892	2090086	2760213	3434753	3644148	2851383	2225899	1469366	0
1064570	1620917	2128745	2658995	2784386	2199892	1726573	1102204	0
629969	1108743	1485035	1973788	1746180	1497631	1139861	647294	0
0	0	0	0	0	0	0	0	0
]
color_range = [0 100000];
figure(1)
subplot(4,1,1), pcolor(XY0), axis off, caxis( color_range ), colormap(jet)
subplot(4,1,2), pcolor(XY1), axis off, caxis( color_range ), colormap(jet)
subplot(4,1,3), pcolor(XY2), axis off, caxis( color_range ), colormap(jet)
subplot(4,1,4), pcolor(XY3), axis off, caxis( color_range ), colormap(jet)
