XY0 = [
444920	634680	759064	822544	823800	764696	636224	445864	0
635264	828320	955624	1017120	1014056	953888	824952	638672	0
762632	954720	1083336	1144312	1141680	1084312	954184	766840	0
824280	1016024	1144256	1209352	1202192	1146608	1018048	831000	0
826648	1017992	1143432	1208960	1200760	1146768	1018032	831400	0
760632	951232	1079808	1144832	1141576	1079496	952792	766448	0
634528	828840	955352	1016824	1014312	956848	824952	639368	0
441992	638488	766224	827288	826384	764888	637304	444800	0
0	0	0	0	0	0	0	0	0
]
XY1 = [
571448	760984	892656	952272	950832	892584	764080	568776	0
766792	951992	1078976	1138728	1136104	1080496	957024	761864	0
893064	1081384	1207360	1269104	1269752	1207888	1082360	888912	0
954192	1143448	1266704	1331848	1332816	1270528	1147192	955416	0
955064	1145416	1267696	1331936	1333088	1267160	1143600	955584	0
891104	1078904	1209112	1271552	1277056	1208680	1087232	892896	0
763008	954480	1081816	1144784	1150248	1088240	957288	765208	0
569848	763296	892440	954776	953968	889480	762328	571272	0
0	0	0	0	0	0	0	0	0
]
XY2 = [
572280	763848	887376	950936	953200	891840	763048	569752	0
765944	958712	1078392	1142640	1138904	1081952	951576	764624	0
894928	1085720	1205584	1274224	1271832	1212184	1083048	895240	0
955704	1149072	1271096	1334968	1334104	1273064	1143056	958376	0
951880	1148128	1263256	1333328	1332584	1270096	1140576	954768	0
890968	1084312	1208144	1268472	1269384	1208560	1082752	891776	0
765304	958704	1082280	1144240	1145016	1086888	958944	766712	0
568760	763728	890944	949368	950920	888344	761608	570888	0
0	0	0	0	0	0	0	0	0
]
XY3 = [
442304	634824	760184	822728	824488	759224	632448	443888	0
632320	826984	951016	1018104	1015040	950760	826824	639384	0
762664	952768	1080072	1146912	1149192	1082184	956328	769536	0
825696	1015680	1142688	1209896	1212120	1145888	1018560	829792	0
821472	1016944	1140392	1205472	1209520	1144000	1017608	829984	0
760832	955720	1084912	1144904	1146960	1080528	954592	767312	0
632272	824048	951144	1012304	1017376	953104	828160	637232	0
443384	633592	762304	825048	827304	763496	635752	445080	0
0	0	0	0	0	0	0	0	0
]
color_range = [0 100000];
figure(1)
subplot(4,1,1), pcolor(XY0), axis off, caxis( color_range ), colormap(jet)
subplot(4,1,2), pcolor(XY1), axis off, caxis( color_range ), colormap(jet)
subplot(4,1,3), pcolor(XY2), axis off, caxis( color_range ), colormap(jet)
subplot(4,1,4), pcolor(XY3), axis off, caxis( color_range ), colormap(jet)
set(gcf, 'PaperPosition', [1 1 7 30]);
print(gcf,'-djpeg','-r0','_routing-0_sel-6_BL_pir-0.020000_traffic-0.txt.jpg')
total waiting time
XY0 = [
526752	869298	1115456	1297429	1433538	1142667	873571	527424	0
880999	1270178	1558402	1868196	1937798	1560971	1234074	852819	0
1143535	1589836	1941226	2255850	2492988	1933428	1547331	1090550	0
1398489	1958066	2352582	2936855	2767110	2342730	1816569	1292697	0
1412853	1790161	2335663	2878415	2787110	2226133	1880814	1451584	0
1085213	1508974	1874306	2182145	2527302	1941042	1564821	1110324	0
836607	1230866	1537307	1968265	1833427	1562193	1252072	861730	0
516338	863410	1112316	1348560	1382669	1135751	882888	524678	0
0	0	0	0	0	0	0	0	0
]
XY1 = [
702467	1055155	1318515	1588021	1534075	1316021	1054593	699308	0
1058811	1446894	1760307	2103847	2081091	1724543	1435961	1018907	0
1336309	1758456	2081302	2451378	2665732	2087610	1737644	1239016	0
1567348	1974930	2371515	2835540	3082494	2439395	2028726	1439648	0
1578793	2055115	2562158	3146753	2879227	2418984	2017420	1635080	0
1271228	1710369	2078917	2446341	2709287	2155148	1770072	1318394	0
1012420	1401818	1725762	2065216	2143078	1772831	1456928	1053206	0
695707	1036568	1290860	1547922	1546046	1294621	1042480	700081	0
0	0	0	0	0	0	0	0	0
]
XY2 = [
713600	1060499	1327664	1640310	1527529	1325574	1069886	695262	0
1078772	1470307	1800997	2146787	2070374	1756545	1432958	1029937	0
1359104	1802383	2225830	2780823	2346019	2122338	1761189	1290064	0
1612951	2089817	2568753	3034203	2881404	2451357	2044171	1624858	0
1535527	1988109	2354287	2812336	2913365	2424692	1940088	1442246	0
1266998	1729758	2090148	2414040	2579608	2144183	1735167	1290599	0
1037348	1438390	1747153	2018193	2130446	1796778	1464454	1044196	0
704703	1061669	1315211	1613892	1477407	1315734	1059458	714225	0
0	0	0	0	0	0	0	0	0
]
XY3 = [
505381	854433	1106066	1309384	1384267	1106323	848793	504961	0
846933	1233652	1542989	1965805	1723763	1495813	1205926	815849	0
1115305	1521704	1899695	2278304	2459227	1874947	1512817	1049769	0
1411666	1805942	2261465	2722719	2788494	2212586	1816566	1224580	0
1169918	1734164	2079706	2499012	2745973	2167519	1715074	1333960	0
1039434	1474162	1812371	2104393	2429080	1883362	1502285	1061785	0
806584	1194246	1491146	1746662	1915809	1523886	1223482	828781	0
498368	836159	1088914	1321786	1345012	1107371	854974	509756	0
0	0	0	0	0	0	0	0	0
]
color_range = [0 100000];
figure(1)
subplot(4,1,1), pcolor(XY0), axis off, caxis( color_range ), colormap(jet)
subplot(4,1,2), pcolor(XY1), axis off, caxis( color_range ), colormap(jet)
subplot(4,1,3), pcolor(XY2), axis off, caxis( color_range ), colormap(jet)
subplot(4,1,4), pcolor(XY3), axis off, caxis( color_range ), colormap(jet)
