XY0 = [
400192	572456	686432	742256	740600	685200	568656	398112	0
571856	739352	855000	910288	914008	855464	741968	570024	0
683248	856192	971488	1025200	1027128	970744	855280	682048	0
740280	915568	1027176	1087744	1090912	1032184	913816	743856	0
739064	914896	1024584	1084384	1083168	1025648	912816	742832	0
683448	858208	972248	1029488	1025904	971216	856096	686792	0
572336	744672	858392	916336	914992	858136	744376	572440	0
399488	570232	683784	742712	743808	683976	568936	397432	0
0	0	0	0	0	0	0	0	0
]
XY1 = [
515352	688432	800888	857312	857296	804480	686512	514216	0
682200	856032	973328	1026056	1025304	970992	857072	683688	0
797312	971984	1086232	1139992	1144720	1091032	972024	798328	0
856408	1030432	1141792	1198704	1203176	1148984	1031512	859248	0
856216	1031600	1147968	1204000	1203168	1144584	1027472	856760	0
799160	972064	1089600	1144600	1144648	1089440	969448	801808	0
685968	857632	971208	1031816	1031512	974648	859744	686840	0
515224	685912	800720	862528	859976	799232	684832	515040	0
0	0	0	0	0	0	0	0	0
]
XY2 = [
516304	686136	800456	857528	856800	801024	685592	514472	0
682904	853192	968488	1025072	1026352	967520	857272	685384	0
798704	970328	1085832	1145200	1144392	1089880	973544	801080	0
855672	1028320	1144320	1205480	1207096	1149688	1032368	863224	0
854864	1028088	1145560	1201624	1195960	1137728	1029224	865344	0
796480	970472	1086744	1142112	1138536	1083320	966136	803928	0
685232	859880	970848	1030128	1031256	974496	861320	688384	0
515448	687216	801824	864752	865144	802360	688840	514760	0
0	0	0	0	0	0	0	0	0
]
XY3 = [
402472	575600	688816	747128	744184	687608	574944	400792	0
574080	743448	856568	916760	913176	853336	745080	568816	0
688744	858648	970496	1029880	1031008	969888	859872	682848	0
746280	916848	1027424	1085696	1089136	1028176	916704	743344	0
747856	915352	1029040	1085344	1085832	1022848	915184	743752	0
686376	858352	970056	1027504	1030176	969328	857544	686040	0
572432	745464	856784	917240	917448	855064	741912	569320	0
399880	571520	685304	744960	743912	681792	570744	399552	0
0	0	0	0	0	0	0	0	0
]
color_range = [0 100000];
figure(1)
subplot(4,1,1), pcolor(XY0), axis off, caxis( color_range ), colormap(jet)
subplot(4,1,2), pcolor(XY1), axis off, caxis( color_range ), colormap(jet)
subplot(4,1,3), pcolor(XY2), axis off, caxis( color_range ), colormap(jet)
subplot(4,1,4), pcolor(XY3), axis off, caxis( color_range ), colormap(jet)
set(gcf, 'PaperPosition', [1 1 7 30]);
print(gcf,'-djpeg','-r0','_routing-0_sel-6_BL_pir-0.018000_traffic-0.txt.jpg')
total waiting time
XY0 = [
462718	749959	958648	1181205	1110882	959894	748215	456339	0
753146	1054770	1294896	1458915	1623247	1298118	1055435	726087	0
958141	1276176	1573798	1867607	1911013	1553626	1281027	916263	0
1118799	1511586	1882353	2228050	2308840	1920984	1518280	1144292	0
1185063	1531168	1827563	2386489	1938807	1723765	1506379	1108546	0
927268	1279744	1562945	2021273	1767331	1554653	1290608	929526	0
728948	1046666	1270638	1480183	1654090	1309446	1059613	733127	0
455975	743237	944903	1096863	1193641	965395	748961	458824	0
0	0	0	0	0	0	0	0	0
]
XY1 = [
617252	911505	1123381	1367169	1280455	1136416	905953	613925	0
900792	1229293	1451870	1717963	1697856	1443254	1200776	883248	0
1116621	1477589	1742182	2054842	2081887	1749640	1448780	1073688	0
1290520	1706209	1947986	2343041	2377645	1980558	1666365	1293092	0
1358457	1610399	2053929	2359201	2365479	1965634	1651435	1288909	0
1086709	1431516	1739602	2136329	2017258	1737199	1451123	1099866	0
885132	1196574	1448721	1792140	1625861	1465970	1216738	894753	0
611964	891514	1108778	1264556	1351718	1116241	901437	608575	0
0	0	0	0	0	0	0	0	0
]
XY2 = [
618257	915635	1119893	1345032	1272206	1113130	901393	608288	0
908778	1227923	1462042	1662937	1752561	1443572	1215829	884385	0
1124679	1468107	1796589	2113500	2013274	1737738	1463504	1097026	0
1305613	1645544	1971972	2305527	2434019	1987137	1656420	1295307	0
1304704	1630330	1976354	2432659	2202715	1944475	1651950	1307413	0
1085661	1439297	1742933	1982536	2136308	1742626	1455918	1103321	0
888692	1220211	1469874	1750348	1694510	1468536	1232920	904320	0
625031	912499	1129610	1296612	1361381	1138938	922999	629517	0
0	0	0	0	0	0	0	0	0
]
XY3 = [
449351	743505	955198	1217360	1061983	946259	741611	446225	0
728271	1044426	1281023	1613812	1436460	1250372	1032123	701137	0
931720	1262792	1559028	1954544	1760128	1522154	1256981	886671	0
1078783	1415027	1789291	2080334	2159255	1781272	1451897	1051229	0
1140310	1490529	1713468	2140278	2007664	1684780	1448552	1084873	0
902476	1240100	1493916	1719463	1942316	1528386	1265666	905150	0
711243	1030269	1271591	1575886	1493891	1265127	1038010	713935	0
443768	729770	927909	1138419	1105393	927198	729972	445805	0
0	0	0	0	0	0	0	0	0
]
color_range = [0 100000];
figure(1)
subplot(4,1,1), pcolor(XY0), axis off, caxis( color_range ), colormap(jet)
subplot(4,1,2), pcolor(XY1), axis off, caxis( color_range ), colormap(jet)
subplot(4,1,3), pcolor(XY2), axis off, caxis( color_range ), colormap(jet)
subplot(4,1,4), pcolor(XY3), axis off, caxis( color_range ), colormap(jet)
