delay=[0 0 0 0 45793 2685 100882 10393 157604 24064 202449 44079 228391 65352 239566 85373 238612 101796 224218 111836 200005 115205 172803 112647 145354 105519 119852 94363 99285 81962 80852 70016 65697 58207 53559 48016 44044 39810 35827 32544 29475 26608 24309 21932 20053 18230 16508 14787 13747 12371 11285 10500 9435 8741 7811 7308 6659 6124 5549 5290 4831 4365 4056 3633 3561 3120 2934 2656 2641 2393 2153 1914 1841 1776 1558 1499 1320 1328 1198 1080 1063 965 968 809 813 814 667 633 660 568 553 499 473 457 399 396 400 376 330 314 302 267 269 275 253 231 215 189 158 187 153 143 131 124 132 128 123 112 118 89 97 107 83 91 80 77 74 55 66 62 53 51 49 50 48 36 46 41 31 41 35 31 32 31 34 17 35 20 44 24 19 27 17 15 25 16 25 15 16 8 20 11 16 9 9 11 13 6 8 14 7 13 9 9 9 2 3 9 11 2 7 4 11 5 4 6 7 4 5 5 4 4 6 3 1 3 4 3 3 3 5 0 0 2 6 3 1 3 3 0 3 0 0 2 5 2 2 0 0 1 0 0 2 3 1 0 0 1 2 2 2 1 0 0 0 1 1 1 1 1 0 0 2 0 0 2 0 0 0 1 0 0 0 0 0 1 1 0 0 0 0 0 0 0 0 0 0 1 0 0 0 1 0 1 0 0 0 0 0 0 0 0 0 0 0 0 0 1 2 0 1 0 0 0 0 0 0 0 0 0 0 0 0 0 0 0 1 0 0 0 0 0 0 0 0 0 0 0 0 0 0 0 0 0 0 0 0 0 0 0 0 0 0 0 0 0 1 0 0 0 0 0 0 0 1 0 1 0 0 0 0 0 0 0 0 0 0 0 1 0 0 0 0 0 0 1 0 0 0 0 0 0 0 0 0 0 0 0 0 0 0 0 0 0 0 0 0 0 0 0 0 0 0 0 0 0 0 0 0 0 0 0 0 0 0 1 0 0 0 0 0 0 0 0 0 0 0 0 0 0 0 0 0 0 0 0 0 0 0 0 0 0 0 0 0 0 0 0 0 0 0 0 0 0 0 0 0 0 0 0 0 0 0 0 0 0 0 0 0 0 0 0 0 0 0 0 0 0 0 0 0 0 0 0 0 0 0 0 0 0 0 0 0 0 0 0 0 0 0 0 0 0 0 0 0 0 0 0 0 0 0 ];
wait_cnt=[0 13036587 307986 352596 237236 234218 250215 219183 172825 140696 37785 36754 28939 26768 25542 21909 17822 21110 9521 9361 7464 7141 6650 5788 5099 5610 3389 3471 2783 2551 2480 2259 2013 2038 1478 1458 1236 1134 1133 1005 874 899 730 709 581 582 545 496 457 424 337 369 308 288 280 255 260 220 218 198 168 163 142 145 123 111 94 111 91 76 101 95 76 71 66 59 56 59 32 47 53 46 44 44 39 41 34 29 33 36 30 31 21 21 13 24 22 10 11 17 17 13 10 11 16 14 9 10 6 16 8 7 9 4 10 10 2 7 5 6 3 3 6 5 4 2 2 2 5 7 7 0 3 1 2 2 3 0 1 2 1 0 0 1 1 1 1 2 0 3 1 0 1 2 2 1 2 0 0 2 1 1 3 1 0 1 1 1 1 0 0 0 1 1 0 1 1 0 0 0 0 0 2 1 0 0 0 1 1 0 0 0 0 0 0 0 1 0 0 0 0 ];
dist=[0 78225 192784 327701 440312 508579 530579 508661 444935 352543 254413 167208 101259 55682 26465 10298 2953 483 0 0 ];
[M,N]=size(delay);
figure(1);
hold on;
plot([0:10:N*10-10],delay,'s-');
hold off;
figure(2);
[M,N]=size(dist);
hold on;
plot([0:1:N-1],dist,'s-');
hold off;
