delay=[0 0 0 0 46517 3201 100138 11365 154181 26259 195880 47481 221441 70626 232001 92313 231268 109089 218847 120158 199879 124529 174136 123964 151090 115914 128645 107004 109401 93824 91888 82047 77855 70362 65931 59528 55373 50572 46646 42921 39358 36253 33356 30612 28379 25919 24274 22350 20373 19016 17571 16102 14989 13958 12967 12167 11209 10341 9786 8935 8381 7849 7251 6569 6265 6014 5708 5191 4898 4645 4329 4032 3733 3587 3324 3189 3003 2825 2666 2508 2472 2158 2107 1986 1941 1784 1680 1619 1490 1524 1349 1359 1198 1220 1158 1078 966 978 928 872 841 798 753 685 671 654 583 614 546 573 538 462 453 431 415 443 376 361 358 322 331 318 275 248 223 256 258 264 257 199 219 195 200 197 177 162 135 158 143 133 149 119 120 127 120 135 106 118 98 96 115 98 94 90 79 69 84 71 59 72 63 45 66 60 53 58 51 54 46 41 60 47 47 51 48 41 48 38 40 25 32 41 32 26 38 27 38 24 19 21 26 17 19 22 22 12 19 15 20 19 20 20 15 18 10 17 15 13 16 13 9 13 6 23 7 10 9 4 12 9 8 11 12 8 5 7 4 2 10 9 5 9 6 9 10 6 5 4 4 5 7 1 4 6 1 3 10 7 5 5 1 6 3 2 2 3 3 5 3 0 5 3 7 5 5 0 1 3 4 0 0 0 3 3 4 1 2 0 2 4 2 1 2 1 0 1 0 3 1 2 1 2 1 0 2 1 1 1 2 0 1 1 1 0 1 1 0 0 1 0 1 0 2 0 0 1 2 2 0 0 1 0 0 0 0 1 0 0 0 1 1 1 1 0 1 2 0 0 0 0 0 1 0 0 0 0 0 0 2 1 0 0 0 0 1 0 1 0 0 0 0 1 0 1 0 1 1 0 0 0 0 0 0 0 0 0 0 0 0 3 0 0 0 0 0 0 0 0 0 0 0 0 0 1 1 0 0 0 1 0 0 1 0 0 0 0 0 0 0 0 0 0 0 0 0 0 0 0 0 0 0 0 0 1 0 0 0 0 0 0 0 0 0 0 0 0 0 0 0 0 0 0 0 0 0 0 0 0 0 0 0 0 0 0 0 0 0 0 0 0 0 0 0 0 0 0 0 0 0 0 0 0 0 0 0 0 0 0 0 0 0 0 0 0 0 0 0 0 0 0 0 0 0 0 0 0 0 0 0 0 0 ];
wait_cnt=[0 13910640 375479 455130 297711 297558 314316 279184 207439 175678 52679 52061 40443 38181 36117 31045 25257 29147 14606 14814 11698 11021 10399 9302 7948 8566 5666 5666 4577 4289 4175 3716 3341 3440 2661 2648 2168 2093 1953 1841 1554 1663 1315 1338 1091 1059 1044 901 860 837 749 732 585 614 577 543 511 484 440 450 371 380 356 330 283 297 302 238 246 219 198 210 157 178 178 162 149 133 125 138 129 116 118 102 93 88 93 68 68 76 54 61 48 55 56 53 48 48 44 48 42 40 34 34 45 32 31 30 30 25 29 17 19 28 15 15 21 23 14 8 17 22 12 16 14 7 9 7 11 10 11 14 11 14 6 16 8 7 8 3 8 1 7 6 3 7 5 4 3 3 6 3 3 3 2 3 3 2 5 7 3 4 4 4 2 5 1 1 2 2 2 0 1 1 1 0 2 1 1 1 1 0 1 0 2 2 1 3 0 1 1 0 1 2 1 2 0 2 0 0 0 ];
dist=[0 86353 212280 360462 485411 562339 584548 558632 488115 388860 278623 184411 110716 60399 29030 11306 3306 539 0 0 ];
[M,N]=size(delay);
figure(1);
hold on;
plot([0:10:N*10-10],delay,'s-');
hold off;
figure(2);
[M,N]=size(dist);
hold on;
plot([0:1:N-1],dist,'s-');
hold off;
