delay=[0 0 0 0 45758 3474 96830 12406 147210 27884 183664 49258 205313 72525 215889 93813 215709 111586 206273 123969 190579 127764 170946 128984 151384 123061 132610 114405 116362 104004 101634 92044 87988 81554 76467 70941 66642 61761 58047 54035 50757 46471 44290 40981 38501 35723 33506 31265 29344 27404 25770 24372 22876 21435 20015 18892 17719 16842 15813 14812 14160 13326 12522 11938 11238 10536 10225 9479 8988 8578 8092 7766 7371 7036 6685 6335 6032 5698 5428 5208 4974 4694 4433 4357 4104 3937 3833 3656 3457 3376 3184 3035 2885 2722 2708 2508 2390 2382 2198 2102 2002 2010 1976 1837 1779 1712 1618 1561 1477 1495 1419 1338 1297 1277 1246 1151 1085 1025 1042 957 942 923 882 845 884 864 802 745 702 662 643 699 659 642 603 544 554 565 549 499 476 465 442 453 445 455 345 393 355 353 381 341 306 316 304 305 270 272 273 259 249 225 247 234 189 271 219 191 199 192 180 191 199 202 156 153 146 153 152 135 120 130 145 137 118 122 118 118 112 106 109 95 83 99 109 103 81 101 88 87 86 79 54 66 70 69 66 60 58 51 67 64 52 56 43 52 64 39 43 53 47 36 43 42 44 47 42 41 39 39 24 29 23 35 19 34 36 26 28 30 21 37 30 25 27 25 17 26 18 20 18 28 23 21 32 26 15 14 19 19 17 14 16 10 19 14 10 16 10 5 11 12 10 11 13 8 4 17 15 13 13 9 8 9 10 12 10 8 5 5 8 10 8 7 4 3 3 7 4 5 1 4 3 7 4 5 7 6 5 3 4 1 1 5 2 8 4 7 6 6 2 4 3 5 3 4 2 0 1 2 5 1 7 3 3 2 3 4 4 2 5 2 1 2 3 0 4 7 2 5 3 3 5 2 2 1 2 2 3 4 0 3 4 2 0 3 0 3 0 1 0 1 1 3 0 1 2 1 1 0 0 2 1 0 1 0 3 0 1 0 2 2 1 1 0 1 0 1 2 2 1 1 1 0 0 1 0 1 1 2 0 1 0 4 0 0 2 2 0 0 0 1 0 0 0 1 2 0 0 0 0 0 1 0 0 0 0 0 0 1 1 1 0 0 1 0 1 0 1 0 0 0 0 0 0 0 1 2 1 0 0 1 0 2 1 1 1 0 0 0 1 0 0 2 0 0 0 0 0 0 0 0 0 0 0 0 0 0 0 0 1 0 0 0 0 0 1 0 0 0 0 ];
wait_cnt=[0 14634111 423240 591244 358198 405987 393636 347296 243484 214946 71343 72977 55918 55369 50591 43611 34276 40683 21663 22827 18069 17344 16092 14325 12379 13569 9363 9636 7944 7586 7019 6351 5777 5997 4637 4828 4082 3871 3661 3430 3101 3046 2688 2726 2230 2249 1987 1937 1803 1743 1515 1571 1363 1356 1298 1155 1135 1031 960 908 860 845 770 776 669 689 613 587 563 520 489 486 445 487 399 402 368 340 346 288 317 291 279 281 249 228 223 212 211 181 183 150 164 155 165 166 153 150 128 125 120 111 101 113 108 96 100 101 92 88 77 66 79 51 65 66 69 48 53 51 57 45 57 52 52 36 38 30 47 43 35 33 28 35 24 36 29 30 31 34 26 22 23 25 14 15 20 20 17 12 15 13 10 15 12 8 19 9 15 14 11 9 9 12 6 9 17 5 14 7 7 8 14 10 10 5 8 6 5 9 5 4 4 4 5 4 5 4 6 9 4 3 3 4 4 2 6 0 2 2 0 ];
dist=[0 94274 232586 391960 528148 610329 637252 610048 532985 422355 304802 201437 121806 66540 31863 12445 3538 606 0 0 ];
[M,N]=size(delay);
figure(1);
hold on;
plot([0:10:N*10-10],delay,'s-');
hold off;
figure(2);
[M,N]=size(dist);
hold on;
plot([0:1:N-1],dist,'s-');
hold off;
