delay=[0 0 0 0 44507 2401 99212 9250 156980 21368 202391 38878 230120 58491 242633 77340 239958 91115 223240 99979 196470 103120 165431 99872 136214 92353 109256 81052 87432 68490 68605 56843 53957 46660 42314 36998 33482 29541 26224 23581 20945 18535 16844 14857 13096 11884 10541 9466 8485 7748 6781 6130 5564 4916 4537 3971 3611 3182 2968 2632 2390 2131 1978 1818 1669 1467 1423 1240 1125 1021 981 912 836 793 723 618 566 518 467 456 417 378 352 324 295 269 281 228 227 201 186 174 160 176 142 134 119 135 122 103 85 83 87 86 64 62 63 62 44 49 45 30 34 36 40 35 25 28 20 20 17 21 27 17 13 13 20 10 17 16 12 9 11 12 10 7 5 10 8 11 8 6 5 8 3 1 7 3 10 5 4 3 3 5 3 2 4 4 3 4 4 1 2 0 1 2 3 0 0 1 0 1 1 2 1 0 2 1 1 1 1 2 1 2 0 0 0 0 0 1 1 0 0 0 1 0 1 1 2 0 0 1 0 0 0 0 0 0 0 0 0 0 0 0 0 0 0 0 0 1 0 0 0 0 0 0 0 0 0 0 0 0 0 0 0 0 0 0 0 0 0 0 0 0 0 0 0 0 0 0 0 0 0 0 0 0 0 0 0 0 0 0 0 0 0 0 0 0 0 0 0 0 0 0 0 0 0 0 0 0 0 0 0 0 0 0 0 0 0 0 0 0 0 0 0 0 0 0 0 0 0 0 0 0 0 0 0 0 0 0 0 0 0 0 0 0 0 0 0 0 0 0 0 0 0 0 0 0 0 0 0 0 0 0 0 0 0 0 0 0 0 0 0 0 0 0 0 0 0 0 0 0 0 0 0 0 0 0 0 0 0 0 0 0 0 0 0 0 0 0 0 0 0 0 0 0 0 0 0 0 0 0 0 0 0 0 0 0 0 0 0 0 0 0 0 0 0 0 0 0 0 0 0 0 0 0 0 0 0 0 0 0 0 0 0 0 0 0 0 0 0 0 0 0 0 0 0 0 0 0 0 0 0 0 0 0 0 0 0 0 0 0 0 0 0 0 0 0 0 0 0 0 0 0 0 0 0 0 0 0 0 0 0 0 0 0 0 0 0 0 0 0 0 0 0 0 0 0 0 0 0 0 0 0 0 0 0 0 0 0 0 0 0 0 0 0 0 0 0 0 0 ];
wait_cnt=[0 12024641 235858 261790 187838 184114 190758 167602 139947 110707 25833 24931 20205 18186 17181 14583 12389 14515 6000 5790 4817 4330 3932 3516 3148 3418 1859 1934 1552 1428 1313 1168 984 1151 779 744 580 585 549 445 446 426 348 312 259 250 263 231 217 186 179 149 120 104 122 105 93 103 69 64 82 46 52 47 60 45 41 35 37 37 28 29 24 18 25 17 21 18 15 12 12 15 12 5 14 11 9 11 9 6 12 1 9 1 7 4 5 5 8 5 3 4 0 4 2 0 5 2 3 2 2 0 1 0 2 2 1 4 1 1 1 0 0 1 1 0 0 1 1 0 1 1 0 0 2 0 0 0 0 0 0 0 0 0 0 1 1 0 0 0 0 0 0 0 0 0 0 0 0 0 0 0 0 0 1 0 0 1 0 1 0 0 0 0 0 0 0 0 0 0 0 0 0 0 0 0 0 0 0 0 0 0 0 0 0 0 0 0 0 0 0 ];
dist=[0 70434 173756 295072 395770 458846 477334 457727 400082 316724 228005 151104 90879 49375 23868 9328 2662 434 0 0 ];
[M,N]=size(delay);
figure(1);
hold on;
plot([0:10:N*10-10],delay,'s-');
hold off;
figure(2);
[M,N]=size(dist);
hold on;
plot([0:1:N-1],dist,'s-');
hold off;
