XY0 = [
2616	3680	4296	4344	3992	3704	2944	1864	0
4239	5448	5688	5760	5448	4528	3528	2168	0
5109	6336	6648	6512	6176	5016	3840	2304	0
5987	6832	7405	6933	6520	5158	4224	2546	0
5784	6296	6789	6456	6000	5053	4373	2764	0
5240	6240	6869	6584	6153	4982	4160	2750	0
4640	5392	5934	5605	5456	4676	3914	2152	0
2928	3576	4528	4600	4504	4032	3008	1840	0
0	0	0	0	0	0	0	0	0
]
XY1 = [
3685	4936	5649	5838	5488	5160	4288	2872	0
5124	6992	7320	7087	6960	6072	5360	3400	0
5838	7839	8320	8414	8160	7056	6058	3848	0
6513	8381	9176	9203	9152	7288	6258	3992	0
6608	8259	9064	8768	8824	7302	6508	4432	0
6048	7784	8560	8144	8445	6991	6084	4312	0
5464	6855	7541	7267	7428	6272	5258	3624	0
3664	4645	5384	5465	5152	4877	3808	2664	0
0	0	0	0	0	0	0	0	0
]
XY2 = [
3495	4896	5675	6001	5736	5272	4288	3008	0
4971	7104	7525	7720	7650	6925	5782	3848	0
5878	7860	8871	8608	8672	7624	6788	4728	0
6453	8416	9401	9466	9464	8224	7168	4928	0
6551	8568	9790	9648	9692	8626	7408	5176	0
6064	7952	8928	8808	9055	8014	6982	4888	0
5304	6958	7453	7509	7804	6872	5948	4195	0
3696	4869	5512	5904	5738	5087	4288	2804	0
0	0	0	0	0	0	0	0	0
]
XY3 = [
3080	4264	4993	5462	5217	4920	3960	2520	0
4464	6014	6627	7373	7159	6809	5808	4024	0
5207	7086	7942	8631	8568	7753	6694	4640	0
5517	7636	8418	9084	9036	8380	7294	5170	0
5427	7392	8358	9425	9436	8359	6976	5368	0
4649	6728	7448	8427	8600	7829	6608	4720	0
3856	5814	6440	7129	7024	6459	5472	3984	0
2728	4189	4976	5712	5552	5145	4464	2705	0
0	0	0	0	0	0	0	0	0
]
color_range = [0 100000];
figure(1)
subplot(4,1,1), pcolor(XY0), axis off, caxis( color_range ), colormap(jet)
subplot(4,1,2), pcolor(XY1), axis off, caxis( color_range ), colormap(jet)
subplot(4,1,3), pcolor(XY2), axis off, caxis( color_range ), colormap(jet)
subplot(4,1,4), pcolor(XY3), axis off, caxis( color_range ), colormap(jet)
set(gcf, 'PaperPosition', [1 1 7 30]);
print(gcf,'-djpeg','-r0','_DLADR_sel-0_BL_pir-0.010000_traffic-0.txt.jpg')
total waiting time
XY0 = [
2872	4064	4784	5152	4832	4360	3096	2048	0
5262	6272	7024	7152	6456	5272	4120	2280	0
6172	7888	8368	7944	7208	6456	4448	2488	0
7426	8423	9491	8460	8264	6124	5112	2673	0
7384	7496	8203	7560	7264	6511	5308	2987	0
7176	7496	8644	8544	8008	5757	4887	3101	0
5856	6440	7252	7292	6466	6211	4977	2200	0
3552	3872	5472	5168	5752	5016	3576	1880	0
0	0	0	0	0	0	0	0	0
]
XY1 = [
4196	5664	7016	6715	6904	6640	5423	3024	0
6347	8768	9512	8779	8984	7512	6352	3792	0
6989	10054	10480	11421	10416	8776	7529	4056	0
8178	11028	13416	11505	13472	8808	7609	4400	0
8976	10282	11808	11176	10808	9125	7929	4888	0
7928	9824	11228	10875	10907	8306	7331	5096	0
6960	8702	9764	8649	9101	7656	6201	4376	0
4304	5700	6576	6640	6000	5676	4592	2944	0
0	0	0	0	0	0	0	0	0
]
XY2 = [
3853	6152	7314	7471	6928	6648	4904	3432	0
5849	9687	10052	9368	10057	9211	7117	4400	0
7130	9675	12254	11504	11920	10024	8131	5328	0
8444	10336	12680	12753	13000	10456	9408	5960	0
8766	12624	13632	13375	12763	11225	9047	5920	0
7336	10304	11520	11888	11770	10061	8653	6008	0
6800	8269	9979	10123	10339	8942	7452	4761	0
4464	5619	6960	7768	7193	6070	5008	3347	0
0	0	0	0	0	0	0	0	0
]
XY3 = [
3640	4984	6112	7436	6424	6264	4560	2720	0
5192	7756	9170	9364	10591	9231	7192	4544	0
6230	10005	11008	12750	11536	10904	8413	5232	0
6471	9507	12344	12486	12800	10929	9619	6337	0
6642	10800	11373	14807	13211	11182	9248	6736	0
5720	8487	10472	10706	12192	10763	8400	5664	0
4224	6837	8064	9368	9168	8330	6816	4544	0
3048	5203	6056	7816	6944	7096	5456	2886	0
0	0	0	0	0	0	0	0	0
]
color_range = [0 100000];
figure(1)
subplot(4,1,1), pcolor(XY0), axis off, caxis( color_range ), colormap(jet)
subplot(4,1,2), pcolor(XY1), axis off, caxis( color_range ), colormap(jet)
subplot(4,1,3), pcolor(XY2), axis off, caxis( color_range ), colormap(jet)
subplot(4,1,4), pcolor(XY3), axis off, caxis( color_range ), colormap(jet)
