Cycletime: 10000
XY0=[
2968	3880	4135	4360	4248	3512	2848	1928	
4296	5448	5648	5920	5608	4552	3440	2296	
5000	6081	6269	6094	6110	4799	3868	2440	
5536	6824	6936	6435	6256	5224	3930	2579	
5570	6832	7088	6784	6632	5336	4456	2576	
5096	6438	6729	6458	6342	5063	4052	2456	
4256	5283	5675	5684	5384	4400	3400	1990	
2984	3955	3872	4526	4056	3720	3048	1840	
]

XY1=[
3880	5056	5800	5976	5981	5097	4336	2736	
5176	6552	7094	7224	7184	6193	5625	3576	
6104	7856	8532	8584	8656	6976	6467	3901	
6712	8616	9405	8909	8648	7240	6200	4049	
6831	8520	9155	9464	8856	7376	6216	4107	
6253	8031	8569	9077	8416	7368	6038	3752	
5088	6667	6869	7441	6584	5753	4752	3280	
4000	5292	5312	6009	5633	5264	4312	2728	
]

XY2=[
3696	4696	5464	5608	5824	5200	4512	3056	
5102	6793	7485	7477	7784	6794	5664	4080	
6209	7891	9109	9288	9312	8064	6832	4848	
6736	8354	9408	9928	9665	8439	7065	5144	
6752	8404	9321	9951	9451	8120	6840	4942	
6192	7829	8880	9408	8789	7832	6769	4600	
5563	7040	7751	8424	7767	7024	5952	4010	
3955	5372	5664	5981	5803	5329	4586	2992	
]

XY3=[
2952	4189	5207	5304	5448	5256	4136	2648	
4328	6299	6944	7168	6977	6824	5701	3943	
4984	7049	7927	8549	8148	7699	6536	4751	
5409	7355	8320	9168	8919	8325	6786	5048	
5682	7216	8400	9198	9080	8376	7040	5055	
4975	6876	8195	8785	8560	7824	6352	4405	
3890	5568	6536	7232	6968	6552	5401	3696	
2651	4066	4756	5158	5248	5035	4115	2652	
]

color_range = [0 300000]
figure(1)
subplot(4,1,1), pcolor(XY0), axis off, caxis( color_range ), colormap(jet)
subplot(4,1,2), pcolor(XY1), axis off, caxis( color_range ), colormap(jet)
subplot(4,1,3), pcolor(XY2), axis off, caxis( color_range ), colormap(jet)
subplot(4,1,4), pcolor(XY3), axis off, caxis( color_range ), colormap(jet)
set(gcf, 'PaperPosition', [1 1 7 30]);
print(gcf,'-djpeg','-r0','_DLADR_sel-0_BL_pir-0.010000_traffic-0.txt.jpg')
Cycletime: 10000
XY0=[
2928	3576	4528	4600	4504	4032	3008	1840	
4640	5392	5932	5604	5454	4675	3913	2152	
5240	6240	6868	6584	6152	4981	4159	2749	
5784	6296	6787	6456	6000	5051	4372	2763	
5986	6831	7403	6932	6520	5156	4224	2545	
5108	6336	6648	6512	6176	5016	3840	2304	
4238	5448	5688	5760	5448	4528	3528	2168	
2616	3680	4296	4344	3992	3704	2944	1864	
]

XY1=[
3664	4644	5384	5464	5152	4876	3808	2664	
5464	6854	7540	7266	7427	6272	5257	3624	
6048	7784	8559	8143	8443	6988	6083	4312	
6608	8258	9064	8768	8824	7301	6507	4432	
6512	8380	9176	9201	9152	7288	6257	3992	
5837	7838	8320	8413	8160	7056	6057	3848	
5123	6992	7320	7086	6960	6072	5360	3400	
3684	4936	5648	5837	5488	5160	4287	2872	
]

XY2=[
3696	4867	5512	5904	5737	5086	4288	2803	
5304	6957	7451	7507	7803	6870	5944	4193	
6064	7952	8928	8808	9054	8013	6981	4888	
6550	8568	9789	9647	9691	8625	7407	5176	
6452	8416	9400	9465	9464	8224	7168	4928	
5876	7859	8870	8608	8672	7624	6787	4728	
4969	7103	7524	7720	7649	6923	5781	3848	
3493	4896	5674	5999	5736	5272	4288	3008	
]

XY3=[
2728	4187	4976	5712	5552	5144	4464	2703	
3856	5813	6440	7128	7024	6458	5472	3984	
4648	6727	7448	8426	8600	7827	6608	4720	
5426	7392	8357	9423	9435	8358	6976	5368	
5516	7635	8416	9079	9033	8377	7292	5169	
5206	7085	7941	8630	8568	7751	6693	4640	
4464	6012	6626	7372	7157	6807	5808	4024	
3080	4264	4992	5460	5216	4920	3960	2520	
]

color_range = [0 300000]
figure(1)
subplot(4,1,1), pcolor(XY0), axis off, caxis( color_range ), colormap(jet)
subplot(4,1,2), pcolor(XY1), axis off, caxis( color_range ), colormap(jet)
subplot(4,1,3), pcolor(XY2), axis off, caxis( color_range ), colormap(jet)
subplot(4,1,4), pcolor(XY3), axis off, caxis( color_range ), colormap(jet)
set(gcf, 'PaperPosition', [1 1 7 30]);
print(gcf,'-djpeg','-r0','_DLADR_sel-0_BL_pir-0.010000_traffic-0.txt.jpg')
