0	489.17
1	488.88
2	488.30
3	487.53
4	487.10
5	487.02
6	487.26
7	487.79
8	488.61
9	489.04
10	489.08
11	488.83
12	488.83
13	489.08
14	489.57
15	490.30
16	491.26
17	491.76
18	491.80
19	491.50
20	491.41
21	491.54
22	491.89
23	492.45
24	493.20
25	493.50
26	493.34
27	492.82
28	492.51
29	492.42
30	492.54
31	492.87
32	493.40
33	493.47
34	493.07
35	492.32
36	491.76
37	491.42
38	491.29
39	491.37
40	491.66
41	491.48
42	490.83
43	489.84
44	489.04
45	488.45
46	488.08
47	487.92
48	487.97
49	487.56
50	486.69
51	485.49
52	484.48
53	483.70
54	483.13
55	482.79
56	482.68
57	482.15
58	481.19
59	479.92
60	478.89
61	478.11
62	477.59
63	477.32
64	489.87
65	489.57
66	488.96
67	488.17
68	487.74
69	487.67
70	487.93
71	488.50
72	489.35
73	489.81
74	489.85
75	489.60
76	489.60
77	489.87
78	490.39
79	491.17
80	492.16
81	492.68
82	492.72
83	492.41
84	492.31
85	492.45
86	492.82
87	493.41
88	494.20
89	494.52
90	494.34
91	493.80
92	493.47
93	493.37
94	493.50
95	493.86
96	494.41
97	494.49
98	494.07
99	493.28
100	492.69
101	492.33
102	492.20
103	492.29
104	492.59
105	492.40
106	491.73
107	490.69
108	489.85
109	489.23
110	488.84
111	488.68
112	488.73
113	488.30
114	487.41
115	486.15
116	485.10
117	484.28
118	483.68
119	483.32
120	483.20
121	482.64
122	481.65
123	480.34
124	479.28
125	478.47
126	477.92
127	477.64
128	491.29
129	490.96
130	490.30
131	489.46
132	489.01
133	488.95
134	489.27
135	489.93
136	490.87
137	491.38
138	491.42
139	491.15
140	491.14
141	491.43
142	492.03
143	492.91
144	494.01
145	494.59
146	494.62
147	494.25
148	494.11
149	494.25
150	494.68
151	495.37
152	496.25
153	496.61
154	496.40
155	495.78
156	495.38
157	495.25
158	495.41
159	495.85
160	496.48
161	496.58
162	496.11
163	495.22
164	494.54
165	494.13
166	494.00
167	494.14
168	494.49
169	494.30
170	493.57
171	492.42
172	491.48
173	490.78
174	490.37
175	490.21
176	490.27
177	489.83
178	488.86
179	487.50
180	486.34
181	485.42
182	484.77
183	484.38
184	484.23
185	483.63
186	482.58
187	481.19
188	480.04
189	479.15
190	478.55
191	478.25
192	493.54
193	493.13
194	492.35
195	491.37
196	490.84
197	490.80
198	491.24
199	492.10
200	493.25
201	493.87
202	493.88
203	493.49
204	493.40
205	493.72
206	494.47
207	495.59
208	496.94
209	497.63
210	497.59
211	497.05
212	496.76
213	496.88
214	497.43
215	498.36
216	499.50
217	499.96
218	499.64
219	498.79
220	498.20
221	498.00
222	498.25
223	498.89
224	499.75
225	499.93
226	499.33
227	498.18
228	497.28
229	496.76
230	496.67
231	496.97
232	497.49
233	497.35
234	496.47
235	495.06
236	493.88
237	493.05
238	492.62
239	492.54
240	492.70
241	492.26
242	491.15
243	489.55
244	488.16
245	487.09
246	486.36
247	485.96
248	485.82
249	485.19
250	484.02
251	482.46
252	481.15
253	480.13
254	479.44
255	479.10
256	496.79
257	496.23
258	495.17
259	493.85
260	493.14
261	493.11
262	493.77
263	495.06
264	496.76
265	497.59
266	497.42
267	496.61
268	496.26
269	496.57
270	497.59
271	499.25
272	501.28
273	502.23
274	501.93
275	500.80
276	500.13
277	500.17
278	500.96
279	502.45
280	504.32
281	505.02
282	504.39
283	502.86
284	501.79
285	501.44
286	501.88
287	503.04
288	504.60
289	505.00
290	504.05
291	502.19
292	500.77
293	500.05
294	500.08
295	500.80
296	501.91
297	501.94
298	500.72
299	498.64
300	496.95
301	495.88
302	495.48
303	495.68
304	496.25
305	495.91
306	494.49
307	492.33
308	490.50
309	489.17
310	488.37
311	488.05
312	488.09
313	487.46
314	486.08
315	484.17
316	482.56
317	481.33
318	480.52
319	480.11
320	501.40
321	500.60
322	498.94
323	496.69
324	495.60
325	495.56
326	496.56
327	498.68
328	502.05
329	503.32
330	502.56
331	500.31
332	499.36
333	499.60
334	501.02
335	503.72
336	507.90
337	509.39
338	508.30
339	505.28
340	503.78
341	503.63
342	504.82
343	507.42
344	511.65
345	512.94
346	511.40
347	507.72
348	505.67
349	505.06
350	505.84
351	508.08
352	511.97
353	512.92
354	511.03
355	506.99
356	504.55
357	503.51
358	503.79
359	505.43
360	508.60
361	509.10
362	507.01
363	502.95
364	500.30
365	498.88
366	498.60
367	499.46
368	501.57
369	501.55
370	499.42
371	495.69
372	493.07
373	491.39
374	490.55
375	490.54
376	491.38
377	490.89
378	489.08
379	486.25
380	484.14
381	482.64
382	481.68
383	481.20
384	504.91
385	503.95
386	501.89
387	499.00
388	497.64
389	497.59
390	498.82
391	501.50
392	506.06
393	507.64
394	506.46
395	503.20
396	501.84
397	502.02
398	503.71
399	507.12
400	512.81
401	514.69
402	513.04
403	508.70
404	506.62
405	506.36
406	507.81
407	511.18
408	517.08
409	518.78
410	516.59
411	511.41
412	508.69
413	507.91
414	508.91
415	511.89
416	517.42
417	518.76
418	516.21
419	510.64
420	507.51
421	506.25
422	506.69
423	508.97
424	513.58
425	514.41
426	511.71
427	506.25
428	502.95
429	501.29
430	501.08
431	502.40
432	505.59
433	505.78
434	503.15
435	498.32
436	495.15
437	493.23
438	492.37
439	492.56
440	493.97
441	493.57
442	491.45
443	487.98
444	485.53
445	483.85
446	482.79
447	482.27
448	505.69
449	504.79
450	502.86
451	500.14
452	498.88
453	498.84
454	500.00
455	502.51
456	506.80
457	508.30
458	507.27
459	504.30
460	503.10
461	503.33
462	504.95
463	508.14
464	513.48
465	515.25
466	513.79
467	509.80
468	507.95
469	507.75
470	509.12
471	512.24
472	517.74
473	519.32
474	517.33
475	512.54
476	510.06
477	509.34
478	510.26
479	512.98
480	518.10
481	519.31
482	516.94
483	511.75
484	508.85
485	507.66
486	508.02
487	510.07
488	514.31
489	515.02
490	512.46
491	507.33
492	504.23
493	502.62
494	502.34
495	503.45
496	506.33
497	506.41
498	503.88
499	499.28
500	496.25
501	494.37
502	493.47
503	493.54
504	494.76
505	494.28
506	492.20
507	488.85
508	486.47
509	484.82
510	483.77
511	483.26
512	503.66
513	503.03
514	501.81
515	500.31
516	499.51
517	499.51
518	500.34
519	501.90
520	503.96
521	504.97
522	504.78
523	503.82
524	503.41
525	503.79
526	505.02
527	507.02
528	509.49
529	510.63
530	510.25
531	508.87
532	508.05
533	508.10
534	509.06
535	510.88
536	513.19
537	514.07
538	513.29
539	511.41
540	510.10
541	509.68
542	510.22
543	511.64
544	513.56
545	514.05
546	512.89
547	510.62
548	508.89
549	508.03
550	508.09
551	508.99
552	510.40
553	510.47
554	508.99
555	506.46
556	504.42
557	503.12
558	502.63
559	502.85
560	503.50
561	503.07
562	501.36
563	498.76
564	496.57
565	494.97
566	493.99
567	493.59
568	493.59
569	492.83
570	491.20
571	488.96
572	487.06
573	485.63
574	484.67
575	484.19
576	503.39
577	502.91
578	502.00
579	500.90
580	500.31
581	500.32
582	500.91
583	502.01
584	503.42
585	504.22
586	504.32
587	503.95
588	503.91
589	504.36
590	505.34
591	506.76
592	508.41
593	509.28
594	509.28
595	508.69
596	508.38
597	508.55
598	509.28
599	510.46
600	511.87
601	512.45
602	512.10
603	511.10
604	510.36
605	510.12
606	510.44
607	511.23
608	512.24
609	512.44
610	511.70
611	510.31
612	509.17
613	508.51
614	508.39
615	508.75
616	509.36
617	509.17
618	508.07
619	506.33
620	504.81
621	503.72
622	503.10
623	502.91
624	502.94
625	502.29
626	500.86
627	498.87
628	497.10
629	495.68
630	494.68
631	494.06
632	493.72
633	492.84
634	491.36
635	489.45
636	487.79
637	486.49
638	485.60
639	485.15
640	504.62
641	504.17
642	503.31
643	502.27
644	501.70
645	501.68
646	502.19
647	503.15
648	504.42
649	505.16
650	505.32
651	505.09
652	505.14
653	505.61
654	506.52
655	507.79
656	509.26
657	510.07
658	510.16
659	509.75
660	509.58
661	509.79
662	510.45
663	511.47
664	512.67
665	513.18
666	512.93
667	512.14
668	511.56
669	511.37
670	511.63
671	512.25
672	513.05
673	513.17
674	512.54
675	511.35
676	510.37
677	509.77
678	509.60
679	509.81
680	510.23
681	509.97
682	508.96
683	507.39
684	506.01
685	504.97
686	504.32
687	504.01
688	503.90
689	503.19
690	501.82
691	499.95
692	498.27
693	496.90
694	495.89
695	495.21
696	494.79
697	493.86
698	492.38
699	490.50
700	488.86
701	487.56
702	486.66
703	486.21
704	507.38
705	506.83
706	505.79
707	504.54
708	503.82
709	503.74
710	504.30
711	505.40
712	506.83
713	507.64
714	507.73
715	507.34
716	507.29
717	507.74
718	508.73
719	510.18
720	511.85
721	512.74
722	512.76
723	512.17
724	511.87
725	512.05
726	512.79
727	513.98
728	515.39
729	515.98
730	515.64
731	514.65
732	513.92
733	513.68
734	514.00
735	514.79
736	515.79
737	515.98
738	515.24
739	513.85
740	512.70
741	512.03
742	511.91
743	512.26
744	512.86
745	512.65
746	511.53
747	509.76
748	508.21
749	507.09
750	506.47
751	506.26
752	506.28
753	505.61
754	504.12
755	502.06
756	500.21
757	498.75
758	497.73
759	497.12
760	496.77
761	495.83
762	494.23
763	492.15
764	490.33
765	488.88
766	487.89
767	487.38
768	511.94
769	511.13
770	509.58
771	507.69
772	506.58
773	506.40
774	507.17
775	508.78
776	510.90
777	511.95
778	511.74
779	510.73
780	510.26
781	510.63
782	511.90
783	513.97
784	516.48
785	517.67
786	517.32
787	515.97
788	515.14
789	515.19
790	516.19
791	518.04
792	520.34
793	521.23
794	520.49
795	518.65
796	517.33
797	516.91
798	517.47
799	518.89
800	520.76
801	521.24
802	520.08
803	517.82
804	516.06
805	515.17
806	515.23
807	516.14
808	517.53
809	517.57
810	516.04
811	513.45
812	511.32
813	509.96
814	509.45
815	509.69
816	510.34
817	509.85
818	508.01
819	505.24
820	502.87
821	501.16
822	500.16
823	499.80
824	499.86
825	499.01
826	497.10
827	494.46
828	492.17
829	490.41
830	489.23
831	488.64
832	518.92
833	517.66
834	515.03
835	511.43
836	509.55
837	509.22
838	510.37
839	513.09
840	517.56
841	519.19
842	518.08
843	514.95
844	513.56
845	513.75
846	515.50
847	518.90
848	524.24
849	526.12
850	524.69
851	520.79
852	518.83
853	518.61
854	520.08
855	523.35
856	528.69
857	530.32
858	528.38
859	523.76
860	521.19
861	520.43
862	521.42
863	524.24
864	529.15
865	530.35
866	527.98
867	522.90
868	519.86
869	518.58
870	519.00
871	521.16
872	525.31
873	526.00
874	523.34
875	518.15
876	514.80
877	513.05
878	512.79
879	514.04
880	516.98
881	517.01
882	514.21
883	509.25
884	505.82
885	503.71
886	502.81
887	503.11
888	504.71
889	504.18
890	501.55
891	497.31
892	494.18
893	491.97
894	490.55
895	489.85
896	523.87
897	522.31
898	518.95
899	514.16
900	511.77
901	511.33
902	512.74
903	516.21
904	522.33
905	524.36
906	522.61
907	518.00
908	515.97
909	516.04
910	518.10
911	522.43
912	529.76
913	532.13
914	529.94
915	524.25
916	521.51
917	521.10
918	522.89
919	527.13
920	534.61
921	536.76
922	533.98
923	527.41
924	523.97
925	522.99
926	524.27
927	528.05
928	535.09
929	536.81
930	533.58
931	526.54
932	522.60
933	521.07
934	521.72
935	524.75
936	530.83
937	531.98
938	528.53
939	521.52
940	517.33
941	515.31
942	515.22
943	517.18
944	521.73
945	522.13
946	518.65
947	512.15
948	508.01
949	505.63
950	504.80
951	505.55
952	508.23
953	507.93
954	504.79
955	499.44
956	495.74
957	493.23
958	491.66
959	490.90
960	523.84
961	522.40
962	519.27
963	514.80
964	512.57
965	512.16
966	513.46
967	516.65
968	522.35
969	524.24
970	522.68
971	518.45
972	516.65
973	516.77
974	518.73
975	522.75
976	529.60
977	531.83
978	529.87
979	524.64
980	522.18
981	521.85
982	523.52
983	527.42
984	534.37
985	536.35
986	533.82
987	527.75
988	524.62
989	523.72
990	524.89
991	528.34
992	534.85
993	536.40
994	533.42
995	526.87
996	523.24
997	521.80
998	522.35
999	525.07
1000	530.66
1001	531.64
1002	528.41
1003	521.86
1004	517.96
1005	516.04
1006	515.87
1007	517.58
1008	521.72
1009	522.00
1010	518.70
1011	512.58
1012	508.67
1013	506.38
1014	505.49
1015	506.06
1016	508.44
1017	508.03
1018	505.01
1019	499.92
1020	496.39
1021	493.97
1022	492.45
1023	491.71
1024	518.67
1025	517.71
1026	515.87
1027	513.62
1028	512.26
1029	512.00
1030	512.84
1031	514.68
1032	517.14
1033	518.30
1034	517.93
1035	516.59
1036	515.93
1037	516.28
1038	517.73
1039	520.17
1040	523.18
1041	524.57
1042	524.06
1043	522.32
1044	521.24
1045	521.24
1046	522.38
1047	524.57
1048	527.34
1049	528.39
1050	527.43
1051	525.14
1052	523.53
1053	523.03
1054	523.70
1055	525.45
1056	527.80
1057	528.42
1058	527.02
1059	524.28
1060	522.19
1061	521.17
1062	521.29
1063	522.45
1064	524.19
1065	524.32
1066	522.55
1067	519.49
1068	517.03
1069	515.54
1070	515.06
1071	515.52
1072	516.51
1073	516.10
1074	514.02
1075	510.82
1076	508.11
1077	506.21
1078	505.15
1079	504.85
1080	505.03
1081	504.14
1082	501.97
1083	498.94
1084	496.32
1085	494.33
1086	493.00
1087	492.34
1088	516.40
1089	515.73
1090	514.49
1091	513.01
1092	512.10
1093	511.91
1094	512.46
1095	513.63
1096	515.15
1097	515.99
1098	516.03
1099	515.54
1100	515.43
1101	515.90
1102	517.02
1103	518.68
1104	520.60
1105	521.63
1106	521.63
1107	520.93
1108	520.54
1109	520.72
1110	521.54
1111	522.90
1112	524.47
1113	525.13
1114	524.72
1115	523.57
1116	522.72
1117	522.44
1118	522.82
1119	523.75
1120	524.91
1121	525.15
1122	524.31
1123	522.72
1124	521.40
1125	520.64
1126	520.51
1127	520.92
1128	521.58
1129	521.35
1130	520.09
1131	518.11
1132	516.37
1133	515.14
1134	514.50
1135	514.36
1136	514.48
1137	513.79
1138	512.15
1139	509.84
1140	507.75
1141	506.10
1142	504.96
1143	504.26
1144	503.84
1145	502.75
1146	500.89
1147	498.50
1148	496.38
1149	494.68
1150	493.51
1151	492.92
1152	516.49
1153	515.90
1154	514.82
1155	513.52
1156	512.72
1157	512.54
1158	512.99
1159	513.95
1160	515.24
1161	515.99
1162	516.13
1163	515.84
1164	515.88
1165	516.38
1166	517.40
1167	518.84
1168	520.50
1169	521.44
1170	521.56
1171	521.13
1172	520.93
1173	521.16
1174	521.88
1175	523.00
1176	524.29
1177	524.84
1178	524.57
1179	523.71
1180	523.07
1181	522.86
1182	523.15
1183	523.85
1184	524.73
1185	524.87
1186	524.16
1187	522.86
1188	521.76
1189	521.07
1190	520.87
1191	521.07
1192	521.47
1193	521.14
1194	520.01
1195	518.29
1196	516.76
1197	515.61
1198	514.92
1199	514.62
1200	514.53
1201	513.76
1202	512.23
1203	510.14
1204	508.23
1205	506.65
1206	505.49
1207	504.68
1208	504.10
1209	502.95
1210	501.16
1211	498.91
1212	496.91
1213	495.30
1214	494.18
1215	493.60
1216	518.80
1217	518.11
1218	516.84
1219	515.31
1220	514.36
1221	514.12
1222	514.62
1223	515.72
1224	517.18
1225	518.00
1226	518.05
1227	517.60
1228	517.51
1229	517.99
1230	519.09
1231	520.72
1232	522.59
1233	523.61
1234	523.64
1235	523.02
1236	522.67
1237	522.86
1238	523.67
1239	524.97
1240	526.47
1241	527.11
1242	526.73
1243	525.66
1244	524.86
1245	524.59
1246	524.96
1247	525.83
1248	526.93
1249	527.14
1250	526.33
1251	524.80
1252	523.53
1253	522.77
1254	522.62
1255	522.98
1256	523.56
1257	523.30
1258	522.05
1259	520.12
1260	518.42
1261	517.20
1262	516.54
1263	516.37
1264	516.44
1265	515.72
1266	514.08
1267	511.79
1268	509.72
1269	508.06
1270	506.90
1271	506.17
1272	505.70
1273	504.56
1274	502.65
1275	500.21
1276	498.03
1277	496.27
1278	495.06
1279	494.44
1280	523.60
1281	522.59
1282	520.68
1283	518.35
1284	516.89
1285	516.51
1286	517.25
1287	518.95
1288	521.22
1289	522.32
1290	522.01
1291	520.79
1292	520.20
1293	520.57
1294	521.98
1295	524.33
1296	527.16
1297	528.51
1298	528.12
1299	526.59
1300	525.63
1301	525.66
1302	526.76
1303	528.81
1304	531.34
1305	532.32
1306	531.47
1307	529.42
1308	527.94
1309	527.47
1310	528.10
1311	529.71
1312	531.81
1313	532.36
1314	531.06
1315	528.54
1316	526.57
1317	525.57
1318	525.63
1319	526.65
1320	528.15
1321	528.19
1322	526.48
1323	523.60
1324	521.22
1325	519.75
1326	519.25
1327	519.61
1328	520.45
1329	519.97
1330	517.92
1331	514.81
1332	512.14
1333	510.22
1334	509.12
1335	508.76
1336	508.83
1337	507.83
1338	505.57
1339	502.43
1340	499.68
1341	497.55
1342	496.12
1343	495.40
1344	531.62
1345	530.04
1346	526.74
1347	522.20
1348	519.75
1349	519.16
1350	520.33
1351	523.35
1352	528.44
1353	530.22
1354	528.82
1355	525.06
1356	523.35
1357	523.49
1358	525.44
1359	529.33
1360	535.46
1361	537.62
1362	535.95
1363	531.42
1364	529.13
1365	528.84
1366	530.47
1367	534.16
1368	540.21
1369	542.04
1370	539.82
1371	534.54
1372	531.60
1373	530.74
1374	531.87
1375	535.10
1376	540.72
1377	542.11
1378	539.41
1379	533.64
1380	530.18
1381	528.74
1382	529.23
1383	531.72
1384	536.46
1385	537.26
1386	534.24
1387	528.33
1388	524.55
1389	522.62
1390	522.44
1391	524.03
1392	527.62
1393	527.78
1394	524.60
1395	518.88
1396	514.97
1397	512.61
1398	511.69
1399	512.21
1400	514.31
1401	513.75
1402	510.58
1403	505.40
1404	501.59
1405	498.90
1406	497.17
1407	496.33
1408	537.09
1409	535.13
1410	530.88
1411	524.82
1412	521.71
1413	520.96
1414	522.44
1415	526.36
1416	533.43
1417	535.69
1418	533.53
1419	527.98
1420	525.49
1421	525.46
1422	527.77
1423	532.72
1424	541.17
1425	543.89
1426	541.32
1427	534.69
1428	531.48
1429	530.96
1430	532.96
1431	537.78
1432	546.30
1433	548.74
1434	545.54
1435	537.99
1436	534.06
1437	532.93
1438	534.40
1439	538.75
1440	546.84
1441	548.82
1442	545.14
1443	537.09
1444	532.60
1445	530.87
1446	531.65
1447	535.15
1448	542.18
1449	543.52
1450	539.58
1451	531.53
1452	526.78
1453	524.56
1454	524.59
1455	527.04
1456	532.55
1457	533.16
1458	529.19
1459	521.64
1460	516.88
1461	514.24
1462	513.44
1463	514.57
1464	518.10
1465	517.85
1466	514.05
1467	507.46
1468	502.93
1469	499.87
1470	497.97
1471	497.06
1472	536.15
1473	534.33
1474	530.40
1475	524.76
1476	521.88
1477	521.19
1478	522.55
1479	526.16
1480	532.73
1481	534.85
1482	532.90
1483	527.81
1484	525.60
1485	525.63
1486	527.79
1487	532.37
1488	540.23
1489	542.76
1490	540.45
1491	534.37
1492	531.48
1493	531.05
1494	532.91
1495	537.34
1496	545.26
1497	547.51
1498	544.59
1499	537.63
1500	534.05
1501	533.03
1502	534.37
1503	538.33
1504	545.81
1505	547.60
1506	544.20
1507	536.73
1508	532.61
1509	530.99
1510	531.64
1511	534.79
1512	541.24
1513	542.40
1514	538.71
1515	531.22
1516	526.80
1517	524.69
1518	524.63
1519	526.77
1520	531.80
1521	532.25
1522	528.50
1523	521.41
1524	516.95
1525	514.41
1526	513.55
1527	514.46
1528	517.62
1529	517.26
1530	513.63
1531	507.39
1532	503.11
1533	500.19
1534	498.36
1535	497.48
1536	528.54
1537	527.36
1538	525.11
1539	522.36
1540	520.63
1541	520.18
1542	521.02
1543	523.04
1544	525.77
1545	527.03
1546	526.53
1547	524.90
1548	524.05
1549	524.37
1550	525.92
1551	528.62
1552	531.93
1553	533.44
1554	532.82
1555	530.82
1556	529.57
1557	529.52
1558	530.78
1559	533.24
1560	536.34
1561	537.51
1562	536.43
1563	533.86
1564	532.04
1565	531.47
1566	532.24
1567	534.23
1568	536.88
1569	537.60
1570	536.04
1571	532.98
1572	530.64
1573	529.51
1574	529.66
1575	530.99
1576	532.96
1577	533.12
1578	531.15
1579	527.74
1580	525.01
1581	523.38
1582	522.93
1583	523.55
1584	524.78
1585	524.39
1586	522.10
1587	518.52
1588	515.51
1589	513.42
1590	512.33
1591	512.11
1592	512.43
1593	511.46
1594	508.96
1595	505.41
1596	502.33
1597	499.99
1598	498.42
1599	497.64
1600	524.62
1601	523.84
1602	522.38
1603	520.64
1604	519.52
1605	519.22
1606	519.75
1607	520.99
1608	522.61
1609	523.49
1610	523.49
1611	522.90
1612	522.71
1613	523.17
1614	524.35
1615	526.11
1616	528.11
1617	529.18
1618	529.15
1619	528.38
1620	527.93
1621	528.10
1622	529.00
1623	530.48
1624	532.20
1625	532.93
1626	532.48
1627	531.25
1628	530.31
1629	530.01
1630	530.44
1631	531.47
1632	532.74
1633	533.02
1634	532.11
1635	530.39
1636	528.95
1637	528.11
1638	527.98
1639	528.43
1640	529.13
1641	528.88
1642	527.51
1643	525.37
1644	523.48
1645	522.16
1646	521.50
1647	521.39
1648	521.55
1649	520.82
1650	519.05
1651	516.56
1652	514.29
1653	512.51
1654	511.29
1655	510.56
1656	510.09
1657	508.89
1658	506.82
1659	504.14
1660	501.72
1661	499.78
1662	498.44
1663	497.76
1664	523.63
1665	522.97
1666	521.76
1667	520.30
1668	519.36
1669	519.10
1670	519.53
1671	520.53
1672	521.87
1673	522.65
1674	522.77
1675	522.44
1676	522.44
1677	522.94
1678	523.98
1679	525.47
1680	527.15
1681	528.09
1682	528.21
1683	527.75
1684	527.53
1685	527.78
1686	528.55
1687	529.75
1688	531.13
1689	531.73
1690	531.45
1691	530.56
1692	529.88
1693	529.67
1694	529.98
1695	530.74
1696	531.67
1697	531.82
1698	531.08
1699	529.71
1700	528.53
1701	527.80
1702	527.57
1703	527.77
1704	528.15
1705	527.79
1706	526.58
1707	524.76
1708	523.13
1709	521.91
1710	521.18
1711	520.86
1712	520.76
1713	519.94
1714	518.31
1715	516.09
1716	514.05
1717	512.37
1718	511.12
1719	510.24
1720	509.59
1721	508.32
1722	506.36
1723	503.91
1724	501.70
1725	499.91
1726	498.65
1727	498.01
1728	525.31
1729	524.56
1730	523.16
1731	521.49
1732	520.40
1733	520.09
1734	520.57
1735	521.72
1736	523.24
1737	524.09
1738	524.12
1739	523.63
1740	523.50
1741	523.97
1742	525.09
1743	526.75
1744	528.64
1745	529.67
1746	529.69
1747	529.03
1748	528.66
1749	528.87
1750	529.72
1751	531.10
1752	532.70
1753	533.39
1754	533.00
1755	531.89
1756	531.05
1757	530.78
1758	531.17
1759	532.10
1760	533.25
1761	533.47
1762	532.63
1763	531.03
1764	529.69
1765	528.89
1766	528.72
1767	529.08
1768	529.65
1769	529.36
1770	528.04
1771	526.01
1772	524.21
1773	522.92
1774	522.23
1775	522.05
1776	522.10
1777	521.34
1778	519.61
1779	517.20
1780	515.00
1781	513.24
1782	512.01
1783	511.23
1784	510.69
1785	509.45
1786	507.39
1787	504.76
1788	502.38
1789	500.46
1790	499.13
1791	498.45
1792	529.91
1793	528.80
1794	526.69
1795	524.14
1796	522.50
1797	522.04
1798	522.77
1799	524.56
1800	526.96
1801	528.11
1802	527.75
1803	526.42
1804	525.75
1805	526.10
1806	527.54
1807	529.96
1808	532.88
1809	534.25
1810	533.81
1811	532.19
1812	531.17
1813	531.19
1814	532.36
1815	534.53
1816	537.22
1817	538.26
1818	537.38
1819	535.22
1820	533.67
1821	533.17
1822	533.84
1823	535.55
1824	537.76
1825	538.35
1826	536.99
1827	534.33
1828	532.26
1829	531.20
1830	531.27
1831	532.34
1832	533.91
1833	533.93
1834	532.13
1835	529.09
1836	526.58
1837	525.03
1838	524.51
1839	524.92
1840	525.81
1841	525.31
1842	523.15
1843	519.86
1844	517.02
1845	515.00
1846	513.86
1847	513.50
1848	513.58
1849	512.51
1850	510.07
1851	506.69
1852	503.71
1853	501.39
1854	499.83
1855	499.05
1856	538.17
1857	536.42
1858	532.78
1859	527.77
1860	525.03
1861	524.31
1862	525.51
1863	528.71
1864	534.15
1865	536.04
1866	534.50
1867	530.42
1868	528.53
1869	528.62
1870	530.64
1871	534.71
1872	541.16
1873	543.40
1874	541.59
1875	536.75
1876	534.30
1877	533.97
1878	535.70
1879	539.62
1880	546.06
1881	548.02
1882	545.66
1883	540.05
1884	536.94
1885	536.02
1886	537.23
1887	540.65
1888	546.61
1889	548.09
1890	545.24
1891	539.13
1892	535.47
1893	533.96
1894	534.49
1895	537.14
1896	542.20
1897	543.05
1898	539.85
1899	533.56
1900	529.56
1901	527.53
1902	527.37
1903	529.12
1904	533.00
1905	533.20
1906	529.82
1907	523.70
1908	519.55
1909	517.07
1910	516.15
1911	516.78
1912	519.13
1913	518.56
1914	515.14
1915	509.50
1916	505.36
1917	502.43
1918	500.56
1919	499.65
1920	543.62
1921	541.45
1922	536.76
1923	530.05
1924	526.57
1925	525.68
1926	527.20
1927	531.37
1928	538.95
1929	541.36
1930	538.99
1931	532.96
1932	530.23
1933	530.14
1934	532.54
1935	537.76
1936	546.70
1937	549.54
1938	546.77
1939	539.67
1940	536.22
1941	535.65
1942	537.76
1943	542.88
1944	551.97
1945	554.56
1946	551.16
1947	543.13
1948	538.94
1949	537.75
1950	539.31
1951	543.92
1952	552.51
1953	554.63
1954	550.73
1955	542.19
1956	537.45
1957	535.63
1958	536.47
1959	540.22
1960	547.73
1961	549.17
1962	544.98
1963	536.42
1964	531.39
1965	529.05
1966	529.13
1967	531.81
1968	537.79
1969	538.49
1970	534.25
1971	526.17
1972	521.11
1973	518.33
1974	517.56
1975	518.89
1976	522.84
1977	522.64
1978	518.52
1979	511.33
1980	506.40
1981	503.08
1982	501.02
1983	500.03
1984	541.94
1985	539.94
1986	535.60
1987	529.37
1988	526.16
1989	525.33
1990	526.72
1991	530.54
1992	537.58
1993	539.82
1994	537.68
1995	532.16
1996	529.73
1997	529.70
1998	531.96
1999	536.78
2000	545.11
2001	547.77
2002	545.27
2003	538.75
2004	535.66
2005	535.18
2006	537.14
2007	541.84
2008	550.27
2009	552.65
2010	549.55
2011	542.14
2012	538.33
2013	537.25
2014	538.66
2015	542.86
2016	550.80
2017	552.70
2018	549.11
2019	541.20
2020	536.84
2021	535.14
2022	535.87
2023	539.24
2024	546.14
2025	547.39
2026	543.48
2027	535.51
2028	530.84
2029	528.63
2030	528.61
2031	530.97
2032	536.43
2033	536.96
2034	532.97
2035	525.40
2036	520.66
2037	518.00
2038	517.17
2039	518.26
2040	521.82
2041	521.50
2042	517.59
2043	510.81
2044	506.17
2045	503.01
2046	501.03
2047	500.08
2048	532.81
2049	531.52
2050	529.06
2051	526.05
2052	524.14
2053	523.59
2054	524.43
2055	526.53
2056	529.38
2057	530.67
2058	530.10
2059	528.34
2060	527.40
2061	527.69
2062	529.31
2063	532.13
2064	535.63
2065	537.21
2066	536.54
2067	534.40
2068	533.06
2069	532.99
2070	534.31
2071	536.88
2072	540.13
2073	541.36
2074	540.21
2075	537.49
2076	535.57
2077	534.96
2078	535.77
2079	537.86
2080	540.64
2081	541.40
2082	539.77
2083	536.56
2084	534.11
2085	532.93
2086	533.13
2087	534.55
2088	536.65
2089	536.85
2090	534.78
2091	531.21
2092	528.35
2093	526.66
2094	526.22
2095	526.91
2096	528.24
2097	527.87
2098	525.47
2099	521.71
2100	518.55
2101	516.40
2102	515.30
2103	515.15
2104	515.56
2105	514.58
2106	511.94
2107	508.16
2108	504.87
2109	502.36
2110	500.69
2111	499.86
2112	527.75
2113	526.90
2114	525.35
2115	523.49
2116	522.26
2117	521.90
2118	522.41
2119	523.65
2120	525.30
2121	526.18
2122	526.15
2123	525.52
2124	525.30
2125	525.76
2126	526.97
2127	528.81
2128	530.91
2129	532.03
2130	531.99
2131	531.19
2132	530.70
2133	530.87
2134	531.79
2135	533.32
2136	535.08
2137	535.82
2138	535.35
2139	534.07
2140	533.08
2141	532.76
2142	533.20
2143	534.27
2144	535.58
2145	535.86
2146	534.92
2147	533.15
2148	531.66
2149	530.80
2150	530.68
2151	531.18
2152	531.91
2153	531.67
2154	530.27
2155	528.06
2156	526.11
2157	524.75
2158	524.08
2159	523.99
2160	524.15
2161	523.41
2162	521.59
2163	519.01
2164	516.67
2165	514.85
2166	513.61
2167	512.90
2168	512.44
2169	511.21
2170	509.06
2171	506.27
2172	503.73
2173	501.69
2174	500.28
2175	499.57
2176	525.86
2177	525.17
2178	523.91
2179	522.39
2180	521.40
2181	521.09
2182	521.49
2183	522.47
2184	523.81
2185	524.58
2186	524.68
2187	524.34
2188	524.33
2189	524.84
2190	525.91
2191	527.45
2192	529.20
2193	530.18
2194	530.31
2195	529.84
2196	529.62
2197	529.86
2198	530.65
2199	531.86
2200	533.25
2201	533.85
2202	533.56
2203	532.64
2204	531.95
2205	531.72
2206	532.03
2207	532.79
2208	533.73
2209	533.88
2210	533.12
2211	531.72
2212	530.53
2213	529.79
2214	529.57
2215	529.79
2216	530.18
2217	529.83
2218	528.60
2219	526.75
2220	525.09
2221	523.85
2222	523.11
2223	522.78
2224	522.66
2225	521.82
2226	520.16
2227	517.90
2228	515.82
2229	514.11
2230	512.85
2231	511.97
2232	511.31
2233	510.02
2234	508.01
2235	505.50
2236	503.22
2237	501.37
2238	500.07
2239	499.40
2240	526.81
2241	526.04
2242	524.62
2243	522.91
2244	521.80
2245	521.45
2246	521.91
2247	523.03
2248	524.53
2249	525.36
2250	525.39
2251	524.89
2252	524.76
2253	525.24
2254	526.39
2255	528.09
2256	530.03
2257	531.09
2258	531.13
2259	530.48
2260	530.11
2261	530.32
2262	531.17
2263	532.56
2264	534.14
2265	534.82
2266	534.43
2267	533.31
2268	532.46
2269	532.18
2270	532.56
2271	533.49
2272	534.63
2273	534.85
2274	533.99
2275	532.39
2276	531.04
2277	530.24
2278	530.07
2279	530.44
2280	531.03
2281	530.74
2282	529.41
2283	527.37
2284	525.56
2285	524.26
2286	523.56
2287	523.36
2288	523.40
2289	522.61
2290	520.86
2291	518.43
2292	516.21
2293	514.44
2294	513.19
2295	512.41
2296	511.86
2297	510.61
2298	508.52
2299	505.86
2300	503.44
2301	501.49
2302	500.14
2303	499.45
2304	530.79
2305	529.66
2306	527.55
2307	524.98
2308	523.32
2309	522.83
2310	523.54
2311	525.30
2312	527.67
2313	528.80
2314	528.43
2315	527.11
2316	526.44
2317	526.80
2318	528.26
2319	530.71
2320	533.66
2321	535.07
2322	534.65
2323	533.03
2324	532.02
2325	532.04
2326	533.20
2327	535.37
2328	538.03
2329	539.07
2330	538.18
2331	536.02
2332	534.46
2333	533.97
2334	534.63
2335	536.32
2336	538.52
2337	539.09
2338	537.73
2339	535.08
2340	533.01
2341	531.96
2342	532.03
2343	533.10
2344	534.67
2345	534.70
2346	532.90
2347	529.87
2348	527.36
2349	525.81
2350	525.28
2351	525.68
2352	526.56
2353	526.04
2354	523.87
2355	520.57
2356	517.73
2357	515.70
2358	514.55
2359	514.19
2360	514.27
2361	513.19
2362	510.74
2363	507.35
2364	504.34
2365	502.01
2366	500.44
2367	499.65
2368	538.49
2369	536.74
2370	533.09
2371	528.07
2372	525.32
2373	524.57
2374	525.76
2375	528.93
2376	534.33
2377	536.20
2378	534.65
2379	530.58
2380	528.70
2381	528.79
2382	530.81
2383	534.90
2384	541.36
2385	543.62
2386	541.83
2387	537.02
2388	534.58
2389	534.25
2390	535.97
2391	539.87
2392	546.26
2393	548.20
2394	545.84
2395	540.26
2396	537.16
2397	536.25
2398	537.44
2399	540.84
2400	546.77
2401	548.23
2402	545.39
2403	539.30
2404	535.66
2405	534.15
2406	534.69
2407	537.34
2408	542.39
2409	543.25
2410	540.06
2411	533.79
2412	529.80
2413	527.78
2414	527.62
2415	529.36
2416	533.24
2417	533.44
2418	530.05
2419	523.93
2420	519.77
2421	517.29
2422	516.37
2423	517.01
2424	519.37
2425	518.81
2426	515.38
2427	509.74
2428	505.59
2429	502.65
2430	500.78
2431	499.86
2432	543.43
2433	541.26
2434	536.57
2435	529.85
2436	526.36
2437	525.45
2438	526.95
2439	531.10
2440	538.63
2441	541.01
2442	538.64
2443	532.63
2444	529.90
2445	529.81
2446	532.20
2447	537.42
2448	546.34
2449	549.19
2450	546.44
2451	539.38
2452	535.95
2453	535.38
2454	537.48
2455	542.57
2456	551.59
2457	554.16
2458	550.77
2459	542.79
2460	538.62
2461	537.42
2462	538.97
2463	543.56
2464	552.10
2465	554.20
2466	550.32
2467	541.81
2468	537.08
2469	535.28
2470	536.13
2471	539.88
2472	547.37
2473	548.82
2474	544.65
2475	536.12
2476	531.11
2477	528.78
2478	528.87
2479	531.56
2480	537.55
2481	538.25
2482	534.01
2483	525.92
2484	520.87
2485	518.10
2486	517.33
2487	518.68
2488	522.65
2489	522.45
2490	518.35
2491	511.15
2492	506.23
2493	502.91
2494	500.85
2495	499.86
2496	541.25
2497	539.25
2498	534.91
2499	528.68
2500	525.46
2501	524.62
2502	525.99
2503	529.80
2504	536.80
2505	539.02
2506	536.87
2507	531.36
2508	528.92
2509	528.89
2510	531.13
2511	535.94
2512	544.24
2513	546.89
2514	544.40
2515	537.92
2516	534.84
2517	534.36
2518	536.31
2519	540.98
2520	549.35
2521	551.72
2522	548.63
2523	541.27
2524	537.48
2525	536.39
2526	537.79
2527	541.96
2528	549.86
2529	551.75
2530	548.17
2531	540.29
2532	535.95
2533	534.27
2534	535.00
2535	538.37
2536	545.26
2537	546.52
2538	542.64
2539	534.70
2540	530.06
2541	527.86
2542	527.86
2543	530.23
2544	535.70
2545	536.24
2546	532.26
2547	524.69
2548	519.96
2549	517.32
2550	516.50
2551	517.61
2552	521.19
2553	520.89
2554	516.99
2555	510.22
2556	505.59
2557	502.45
2558	500.48
2559	499.53
2560	531.60
2561	530.32
2562	527.87
2563	524.86
2564	522.95
2565	522.40
2566	523.23
2567	525.32
2568	528.17
2569	529.45
2570	528.87
2571	527.10
2572	526.14
2573	526.42
2574	528.01
2575	530.81
2576	534.27
2577	535.82
2578	535.15
2579	533.02
2580	531.67
2581	531.61
2582	532.91
2583	535.48
2584	538.72
2585	539.95
2586	538.80
2587	536.10
2588	534.18
2589	533.57
2590	534.37
2591	536.44
2592	539.20
2593	539.96
2594	538.33
2595	535.12
2596	532.69
2597	531.52
2598	531.72
2599	533.16
2600	535.28
2601	535.49
2602	533.45
2603	529.90
2604	527.06
2605	525.39
2606	524.97
2607	525.68
2608	527.02
2609	526.66
2610	524.28
2611	520.53
2612	517.40
2613	515.26
2614	514.17
2615	514.05
2616	514.48
2617	513.51
2618	510.90
2619	507.14
2620	503.88
2621	501.39
2622	499.73
2623	498.91
2624	525.98
2625	525.14
2626	523.60
2627	521.75
2628	520.54
2629	520.18
2630	520.69
2631	521.94
2632	523.58
2633	524.47
2634	524.42
2635	523.78
2636	523.54
2637	523.98
2638	525.16
2639	526.96
2640	529.01
2641	530.09
2642	530.04
2643	529.23
2644	528.74
2645	528.91
2646	529.82
2647	531.35
2648	533.12
2649	533.86
2650	533.40
2651	532.11
2652	531.14
2653	530.81
2654	531.24
2655	532.29
2656	533.59
2657	533.86
2658	532.92
2659	531.16
2660	529.68
2661	528.84
2662	528.73
2663	529.23
2664	529.99
2665	529.77
2666	528.39
2667	526.20
2668	524.28
2669	522.95
2670	522.30
2671	522.22
2672	522.40
2673	521.68
2674	519.88
2675	517.33
2676	515.02
2677	513.22
2678	512.01
2679	511.31
2680	510.88
2681	509.67
2682	507.56
2683	504.81
2684	502.31
2685	500.31
2686	498.92
2687	498.22
2688	523.42
2689	522.76
2690	521.53
2691	520.05
2692	519.09
2693	518.80
2694	519.21
2695	520.19
2696	521.52
2697	522.29
2698	522.38
2699	522.03
2700	522.01
2701	522.50
2702	523.54
2703	525.02
2704	526.70
2705	527.64
2706	527.75
2707	527.28
2708	527.06
2709	527.30
2710	528.08
2711	529.28
2712	530.67
2713	531.27
2714	530.99
2715	530.08
2716	529.40
2717	529.17
2718	529.47
2719	530.21
2720	531.13
2721	531.26
2722	530.51
2723	529.13
2724	527.96
2725	527.23
2726	527.02
2727	527.24
2728	527.66
2729	527.32
2730	526.12
2731	524.30
2732	522.68
2733	521.48
2734	520.76
2735	520.44
2736	520.33
2737	519.51
2738	517.89
2739	515.67
2740	513.64
2741	511.96
2742	510.72
2743	509.86
2744	509.23
2745	507.97
2746	506.01
2747	503.56
2748	501.35
2749	499.55
2750	498.30
2751	497.65
2752	523.57
2753	522.84
2754	521.49
2755	519.88
2756	518.83
2757	518.53
2758	518.99
2759	520.10
2760	521.58
2761	522.40
2762	522.43
2763	521.94
2764	521.82
2765	522.29
2766	523.39
2767	525.01
2768	526.85
2769	527.86
2770	527.89
2771	527.25
2772	526.91
2773	527.11
2774	527.95
2775	529.30
2776	530.87
2777	531.53
2778	531.16
2779	530.08
2780	529.26
2781	528.99
2782	529.35
2783	530.23
2784	531.33
2785	531.53
2786	530.69
2787	529.13
2788	527.82
2789	527.04
2790	526.88
2791	527.23
2792	527.82
2793	527.54
2794	526.26
2795	524.27
2796	522.52
2797	521.26
2798	520.58
2799	520.38
2800	520.41
2801	519.64
2802	517.95
2803	515.59
2804	513.44
2805	511.72
2806	510.50
2807	509.72
2808	509.18
2809	507.96
2810	505.96
2811	503.40
2812	501.09
2813	499.24
2814	497.94
2815	497.29
2816	526.52
2817	525.49
2818	523.53
2819	521.15
2820	519.64
2821	519.22
2822	519.93
2823	521.63
2824	523.92
2825	525.01
2826	524.68
2827	523.44
2828	522.83
2829	523.18
2830	524.57
2831	526.89
2832	529.68
2833	531.00
2834	530.60
2835	529.07
2836	528.12
2837	528.16
2838	529.28
2839	531.36
2840	533.93
2841	534.93
2842	534.09
2843	532.04
2844	530.56
2845	530.08
2846	530.71
2847	532.31
2848	534.40
2849	534.93
2850	533.62
2851	531.08
2852	529.09
2853	528.08
2854	528.14
2855	529.15
2856	530.66
2857	530.68
2858	528.96
2859	526.05
2860	523.65
2861	522.15
2862	521.63
2863	521.98
2864	522.78
2865	522.27
2866	520.19
2867	517.04
2868	514.32
2869	512.37
2870	511.23
2871	510.84
2872	510.87
2873	509.82
2874	507.50
2875	504.30
2876	501.48
2877	499.30
2878	497.82
2879	497.08
2880	532.89
2881	531.29
2882	527.96
2883	523.39
2884	520.91
2885	520.28
2886	521.43
2887	524.44
2888	529.52
2889	531.30
2890	529.89
2891	526.11
2892	524.38
2893	524.49
2894	526.42
2895	530.27
2896	536.35
2897	538.47
2898	536.79
2899	532.26
2900	529.97
2901	529.68
2902	531.33
2903	535.03
2904	541.10
2905	542.95
2906	540.74
2907	535.47
2908	532.53
2909	531.67
2910	532.79
2911	536.00
2912	541.59
2913	542.97
2914	540.27
2915	534.50
2916	531.04
2917	529.60
2918	530.09
2919	532.58
2920	537.34
2921	538.15
2922	535.12
2923	529.19
2924	525.41
2925	523.47
2926	523.28
2927	524.87
2928	528.45
2929	528.59
2930	525.40
2931	519.65
2932	515.73
2933	513.36
2934	512.42
2935	512.93
2936	515.01
2937	514.43
2938	511.24
2939	506.04
2940	502.21
2941	499.49
2942	497.75
2943	496.90
2944	536.79
2945	534.82
2946	530.55
2947	524.47
2948	521.32
2949	520.55
2950	522.01
2951	525.91
2952	532.96
2953	535.22
2954	533.04
2955	527.48
2956	524.97
2957	524.92
2958	527.19
2959	532.10
2960	540.49
2961	543.17
2962	540.58
2963	533.95
2964	530.73
2965	530.21
2966	532.21
2967	537.04
2968	545.57
2969	548.01
2970	544.82
2971	537.29
2972	533.36
2973	532.23
2974	533.69
2975	538.01
2976	546.07
2977	548.04
2978	544.37
2979	536.33
2980	531.85
2981	530.13
2982	530.92
2983	534.44
2984	541.49
2985	542.85
2986	538.91
2987	530.87
2988	526.13
2989	523.91
2990	523.95
2991	526.41
2992	531.94
2993	532.56
2994	528.58
2995	521.02
2996	516.27
2997	513.63
2998	512.85
2999	513.99
3000	517.53
3001	517.29
3002	513.51
3003	506.92
3004	502.40
3005	499.36
3006	497.46
3007	496.55
3008	534.29
3009	532.47
3010	528.53
3011	522.88
3012	519.98
3013	519.27
3014	520.61
3015	524.19
3016	530.74
3017	532.83
3018	530.86
3019	525.76
3020	523.52
3021	523.53
3022	525.66
3023	530.19
3024	538.00
3025	540.50
3026	538.17
3027	532.08
3028	529.18
3029	528.75
3030	530.60
3031	535.02
3032	542.94
3033	545.18
3034	542.27
3035	535.32
3036	531.74
3037	530.72
3038	532.05
3039	535.98
3040	543.43
3041	545.21
3042	541.82
3043	534.38
3044	530.27
3045	528.67
3046	529.34
3047	532.51
3048	539.00
3049	540.19
3050	536.52
3051	529.04
3052	524.65
3053	522.56
3054	522.52
3055	524.69
3056	529.75
3057	530.23
3058	526.49
3059	519.42
3060	514.99
3061	512.48
3062	511.65
3063	512.60
3064	515.80
3065	515.48
3066	511.90
3067	505.70
3068	501.46
3069	498.58
3070	496.77
3071	495.89
3072	525.07
3073	523.90
3074	521.66
3075	518.91
3076	517.18
3077	516.72
3078	517.55
3079	519.53
3080	522.20
3081	523.42
3082	522.89
3083	521.25
3084	520.38
3085	520.66
3086	522.19
3087	524.85
3088	528.14
3089	529.63
3090	528.99
3091	526.98
3092	525.71
3093	525.65
3094	526.90
3095	529.33
3096	532.41
3097	533.57
3098	532.48
3099	529.91
3100	528.10
3101	527.52
3102	528.28
3103	530.25
3104	532.88
3105	533.59
3106	532.04
3107	529.00
3108	526.69
3109	525.58
3110	525.76
3111	527.12
3112	529.13
3113	529.33
3114	527.39
3115	524.03
3116	521.33
3117	519.74
3118	519.33
3119	519.98
3120	521.24
3121	520.89
3122	518.65
3123	515.12
3124	512.16
3125	510.14
3126	509.10
3127	508.95
3128	509.35
3129	508.45
3130	506.03
3131	502.56
3132	499.55
3133	497.27
3134	495.75
3135	495.00
3136	519.41
3137	518.64
3138	517.23
3139	515.53
3140	514.44
3141	514.15
3142	514.66
3143	515.85
3144	517.40
3145	518.24
3146	518.20
3147	517.61
3148	517.40
3149	517.83
3150	518.97
3151	520.70
3152	522.68
3153	523.73
3154	523.68
3155	522.90
3156	522.44
3157	522.60
3158	523.46
3159	524.91
3160	526.59
3161	527.29
3162	526.85
3163	525.62
3164	524.69
3165	524.38
3166	524.79
3167	525.80
3168	527.05
3169	527.31
3170	526.42
3171	524.73
3172	523.33
3173	522.53
3174	522.43
3175	522.91
3176	523.65
3177	523.44
3178	522.13
3179	520.05
3180	518.22
3181	516.96
3182	516.34
3183	516.27
3184	516.46
3185	515.78
3186	514.09
3187	511.67
3188	509.50
3189	507.80
3190	506.67
3191	506.02
3192	505.65
3193	504.55
3194	502.60
3195	500.05
3196	497.76
3197	495.92
3198	494.66
3199	494.02
3200	516.42
3201	515.82
3202	514.70
3203	513.36
3204	512.52
3205	512.30
3206	512.71
3207	513.64
3208	514.90
3209	515.63
3210	515.72
3211	515.41
3212	515.41
3213	515.89
3214	516.89
3215	518.31
3216	519.94
3217	520.85
3218	520.96
3219	520.52
3220	520.31
3221	520.54
3222	521.27
3223	522.40
3224	523.71
3225	524.27
3226	524.00
3227	523.13
3228	522.49
3229	522.27
3230	522.56
3231	523.27
3232	524.16
3233	524.30
3234	523.59
3235	522.27
3236	521.17
3237	520.48
3238	520.28
3239	520.49
3240	520.90
3241	520.58
3242	519.45
3243	517.72
3244	516.19
3245	515.05
3246	514.36
3247	514.07
3248	513.99
3249	513.23
3250	511.70
3251	509.61
3252	507.70
3253	506.14
3254	504.99
3255	504.20
3256	503.65
3257	502.52
3258	500.73
3259	498.48
3260	496.47
3261	494.84
3262	493.71
3263	493.14
3264	515.73
3265	515.10
3266	513.92
3267	512.51
3268	511.63
3269	511.42
3270	511.89
3271	512.93
3272	514.30
3273	515.06
3274	515.12
3275	514.70
3276	514.64
3277	515.11
3278	516.16
3279	517.69
3280	519.45
3281	520.41
3282	520.46
3283	519.88
3284	519.58
3285	519.79
3286	520.56
3287	521.81
3288	523.26
3289	523.88
3290	523.54
3291	522.53
3292	521.77
3293	521.53
3294	521.86
3295	522.68
3296	523.72
3297	523.91
3298	523.13
3299	521.67
3300	520.46
3301	519.73
3302	519.57
3303	519.89
3304	520.42
3305	520.15
3306	518.95
3307	517.10
3308	515.47
3309	514.28
3310	513.62
3311	513.41
3312	513.43
3313	512.71
3314	511.14
3315	508.94
3316	506.96
3317	505.36
3318	504.23
3319	503.50
3320	503.03
3321	501.93
3322	500.13
3323	497.83
3324	495.78
3325	494.14
3326	493.00
3327	492.42
3328	517.35
3329	516.49
3330	514.87
3331	512.89
3332	511.68
3333	511.41
3334	512.11
3335	513.64
3336	515.69
3337	516.69
3338	516.45
3339	515.43
3340	514.96
3341	515.35
3342	516.66
3343	518.78
3344	521.35
3345	522.58
3346	522.27
3347	520.94
3348	520.13
3349	520.19
3350	521.22
3351	523.10
3352	525.41
3353	526.31
3354	525.57
3355	523.73
3356	522.41
3357	521.99
3358	522.55
3359	523.99
3360	525.88
3361	526.35
3362	525.17
3363	522.87
3364	521.07
3365	520.14
3366	520.17
3367	521.03
3368	522.35
3369	522.33
3370	520.76
3371	518.11
3372	515.93
3373	514.54
3374	514.00
3375	514.23
3376	514.89
3377	514.38
3378	512.48
3379	509.63
3380	507.18
3381	505.38
3382	504.30
3383	503.86
3384	503.82
3385	502.86
3386	500.83
3387	498.06
3388	495.64
3389	493.76
3390	492.50
3391	491.87
3392	521.70
3393	520.42
3394	517.76
3395	514.11
3396	512.17
3397	511.78
3398	512.87
3399	515.51
3400	519.89
3401	521.47
3402	520.34
3403	517.22
3404	515.84
3405	516.05
3406	517.82
3407	521.26
3408	526.63
3409	528.54
3410	527.14
3411	523.26
3412	521.32
3413	521.11
3414	522.59
3415	525.87
3416	531.21
3417	532.85
3418	530.92
3419	526.30
3420	523.73
3421	522.98
3422	523.97
3423	526.79
3424	531.71
3425	532.91
3426	530.53
3427	525.44
3428	522.37
3429	521.07
3430	521.45
3431	523.57
3432	527.65
3433	528.30
3434	525.61
3435	520.39
3436	517.01
3437	515.24
3438	514.96
3439	516.21
3440	519.15
3441	519.18
3442	516.36
3443	511.36
3444	507.89
3445	505.74
3446	504.79
3447	505.04
3448	506.58
3449	505.99
3450	503.30
3451	498.99
3452	495.80
3453	493.53
3454	492.07
3455	491.35
3456	524.25
3457	522.68
3458	519.30
3459	514.50
3460	512.08
3461	511.60
3462	512.96
3463	516.36
3464	522.39
3465	524.37
3466	522.62
3467	518.02
3468	516.01
3469	516.09
3470	518.17
3471	522.51
3472	529.85
3473	532.25
3474	530.07
3475	524.40
3476	521.67
3477	521.27
3478	523.07
3479	527.32
3480	534.79
3481	536.94
3482	534.17
3483	527.60
3484	524.17
3485	523.19
3486	524.47
3487	528.26
3488	535.30
3489	537.01
3490	533.79
3491	526.75
3492	522.80
3493	521.24
3494	521.87
3495	524.87
3496	530.90
3497	532.01
3498	528.54
3499	521.51
3500	517.31
3501	515.28
3502	515.18
3503	517.15
3504	521.70
3505	522.11
3506	518.63
3507	512.13
3508	507.97
3509	505.58
3510	504.74
3511	505.48
3512	508.14
3513	507.82
3514	504.68
3515	499.31
3516	495.59
3517	493.07
3518	491.50
3519	490.74
3520	521.92
3521	520.48
3522	517.35
3523	512.89
3524	510.67
3525	510.24
3526	511.51
3527	514.66
3528	520.28
3529	522.15
3530	520.58
3531	516.37
3532	514.58
3533	514.71
3534	516.66
3535	520.69
3536	527.53
3537	529.76
3538	527.81
3539	522.60
3540	520.15
3541	519.82
3542	521.50
3543	525.40
3544	532.34
3545	534.33
3546	531.80
3547	525.74
3548	522.62
3549	521.73
3550	522.90
3551	526.35
3552	532.86
3553	534.42
3554	531.44
3555	524.90
3556	521.27
3557	519.82
3558	520.35
3559	523.04
3560	528.59
3561	529.55
3562	526.30
3563	519.74
3564	515.84
3565	513.91
3566	513.74
3567	515.45
3568	519.61
3569	519.89
3570	516.61
3571	510.51
3572	506.61
3573	504.34
3574	503.47
3575	504.06
3576	506.47
3577	506.09
3578	503.10
3579	498.04
3580	494.55
3581	492.16
3582	490.66
3583	489.93
3584	514.46
3585	513.51
3586	511.71
3587	509.50
3588	508.18
3589	507.93
3590	508.78
3591	510.61
3592	513.07
3593	514.23
3594	513.86
3595	512.52
3596	511.87
3597	512.22
3598	513.65
3599	516.07
3600	519.04
3601	520.41
3602	519.90
3603	518.16
3604	517.10
3605	517.10
3606	518.25
3607	520.44
3608	523.21
3609	524.26
3610	523.31
3611	521.04
3612	519.44
3613	518.94
3614	519.62
3615	521.38
3616	523.73
3617	524.37
3618	522.97
3619	520.24
3620	518.15
3621	517.12
3622	517.23
3623	518.38
3624	520.11
3625	520.22
3626	518.44
3627	515.38
3628	512.92
3629	511.42
3630	510.94
3631	511.39
3632	512.38
3633	511.97
3634	509.92
3635	506.74
3636	504.07
3637	502.21
3638	501.19
3639	500.94
3640	501.19
3641	500.36
3642	498.28
3643	495.33
3644	492.80
3645	490.88
3646	489.61
3647	488.97
3648	509.82
3649	509.20
3650	508.04
3651	506.66
3652	505.84
3653	505.72
3654	506.31
3655	507.50
3656	509.04
3657	509.90
3658	509.95
3659	509.49
3660	509.39
3661	509.87
3662	510.97
3663	512.58
3664	514.43
3665	515.43
3666	515.42
3667	514.75
3668	514.38
3669	514.57
3670	515.39
3671	516.73
3672	518.29
3673	518.95
3674	518.56
3675	517.45
3676	516.62
3677	516.35
3678	516.74
3679	517.66
3680	518.82
3681	519.07
3682	518.24
3683	516.67
3684	515.37
3685	514.61
3686	514.47
3687	514.86
3688	515.49
3689	515.25
3690	514.00
3691	512.02
3692	510.30
3693	509.07
3694	508.41
3695	508.25
3696	508.33
3697	507.64
3698	506.03
3699	503.78
3700	501.75
3701	500.17
3702	499.08
3703	498.44
3704	498.10
3705	497.11
3706	495.39
3707	493.16
3708	491.18
3709	489.62
3710	488.55
3711	488.01
3712	507.33
3713	506.85
3714	505.96
3715	504.87
3716	504.26
3717	504.22
3718	504.74
3719	505.73
3720	507.03
3721	507.81
3722	508.00
3723	507.79
3724	507.89
3725	508.42
3726	509.40
3727	510.76
3728	512.31
3729	513.20
3730	513.34
3731	512.97
3732	512.83
3733	513.09
3734	513.79
3735	514.87
3736	516.11
3737	516.65
3738	516.42
3739	515.63
3740	515.05
3741	514.87
3742	515.14
3743	515.80
3744	516.64
3745	516.77
3746	516.10
3747	514.86
3748	513.81
3749	513.14
3750	512.90
3751	513.04
3752	513.38
3753	513.03
3754	511.91
3755	510.24
3756	508.75
3757	507.61
3758	506.88
3759	506.51
3760	506.34
3761	505.55
3762	504.07
3763	502.07
3764	500.26
3765	498.77
3766	497.66
3767	496.89
3768	496.39
3769	495.36
3770	493.77
3771	491.77
3772	490.03
3773	488.64
3774	487.69
3775	487.20
3776	506.70
3777	506.22
3778	505.33
3779	504.25
3780	503.67
3781	503.68
3782	504.27
3783	505.35
3784	506.76
3785	507.59
3786	507.78
3787	507.53
3788	507.61
3789	508.16
3790	509.20
3791	510.66
3792	512.33
3793	513.27
3794	513.38
3795	512.93
3796	512.74
3797	512.99
3798	513.75
3799	514.92
3800	516.28
3801	516.87
3802	516.59
3803	515.69
3804	515.04
3805	514.83
3806	515.14
3807	515.88
3808	516.83
3809	516.99
3810	516.26
3811	514.90
3812	513.76
3813	513.04
3814	512.82
3815	513.01
3816	513.43
3817	513.09
3818	511.91
3819	510.12
3820	508.54
3821	507.34
3822	506.59
3823	506.24
3824	506.11
3825	505.32
3826	503.78
3827	501.69
3828	499.80
3829	498.25
3830	497.10
3831	496.32
3832	495.82
3833	494.79
3834	493.19
3835	491.18
3836	489.43
3837	488.05
3838	487.09
3839	486.61
3840	507.91
3841	507.31
3842	506.16
3843	504.78
3844	504.05
3845	504.08
3846	504.90
3847	506.39
3848	508.33
3849	509.36
3850	509.37
3851	508.71
3852	508.54
3853	509.07
3854	510.37
3855	512.34
3856	514.66
3857	515.84
3858	515.69
3859	514.66
3860	514.08
3861	514.25
3862	515.23
3863	516.94
3864	519.01
3865	519.85
3866	519.24
3867	517.68
3868	516.55
3869	516.20
3870	516.69
3871	517.94
3872	519.57
3873	519.96
3874	518.89
3875	516.83
3876	515.19
3877	514.29
3878	514.19
3879	514.80
3880	515.81
3881	515.65
3882	514.15
3883	511.71
3884	509.64
3885	508.23
3886	507.52
3887	507.45
3888	507.74
3889	507.07
3890	505.25
3891	502.64
3892	500.34
3893	498.57
3894	497.38
3895	496.71
3896	496.41
3897	495.43
3898	493.67
3899	491.36
3900	489.38
3901	487.84
3902	486.80
3903	486.27
3904	511.27
3905	510.39
3906	508.61
3907	506.25
3908	505.12
3909	505.15
3910	506.35
3911	508.74
3912	512.40
3913	513.90
3914	513.29
3915	511.15
3916	510.33
3917	510.79
3918	512.53
3919	515.62
3920	520.18
3921	521.93
3922	520.94
3923	517.94
3924	516.45
3925	516.42
3926	517.84
3927	520.75
3928	525.28
3929	526.73
3930	525.17
3931	521.35
3932	519.17
3933	518.52
3934	519.39
3935	521.80
3936	525.85
3937	526.83
3938	524.78
3939	520.45
3940	517.71
3941	516.45
3942	516.62
3943	518.24
3944	521.38
3945	521.73
3946	519.32
3947	514.81
3948	511.72
3949	509.91
3950	509.35
3951	510.00
3952	511.90
3953	511.58
3954	509.04
3955	504.80
3956	501.66
3957	499.51
3958	498.29
3959	497.96
3960	498.52
3961	497.71
3962	495.51
3963	492.27
3964	489.76
3965	487.93
3966	486.73
3967	486.14
3968	514.38
3969	513.26
3970	510.92
3971	507.76
3972	506.26
3973	506.29
3974	507.83
3975	510.99
3976	516.05
3977	517.95
3978	516.83
3979	513.50
3980	512.12
3981	512.51
3982	514.66
3983	518.72
3984	525.06
3985	527.30
3986	525.63
3987	521.03
3988	518.76
3989	518.56
3990	520.36
3991	524.32
3992	530.81
3993	532.78
3994	530.43
3995	524.80
3996	521.70
3997	520.79
3998	521.99
3999	525.40
4000	531.40
4001	532.87
4002	530.01
4003	523.84
4004	520.15
4005	518.57
4006	518.99
4007	521.47
4008	526.32
4009	527.09
4010	523.93
4011	517.75
4012	513.76
4013	511.61
4014	511.16
4015	512.43
4016	515.62
4017	515.59
4018	512.45
4019	506.88
4020	503.00
4021	500.51
4022	499.26
4023	499.22
4024	500.46
4025	499.79
4026	497.23
4027	493.20
4028	490.24
4029	488.13
4030	486.78
4031	486.12
4032	515.80
4033	514.56
4034	512.01
4035	508.58
4036	506.94
4037	506.97
4038	508.67
4039	512.15
4040	517.62
4041	519.66
4042	518.40
4043	514.73
4044	513.14
4045	513.51
4046	515.86
4047	520.32
4048	527.17
4049	529.59
4050	527.71
4051	522.66
4052	520.08
4053	519.80
4054	521.79
4055	526.16
4056	533.21
4057	535.37
4058	532.76
4059	526.61
4060	523.14
4061	522.12
4062	523.46
4063	527.27
4064	533.80
4065	535.45
4066	532.32
4067	525.62
4068	521.54
4069	519.81
4070	520.33
4071	523.15
4072	528.46
4073	529.38
4074	525.96
4075	519.28
4076	514.92
4077	512.60
4078	512.20
4079	513.70
4080	517.22
4081	517.30
4082	513.94
4083	507.97
4084	503.78
4085	501.11
4086	499.84
4087	499.89
4088	501.29
4089	500.65
4090	497.96
4091	493.69
4092	490.51
4093	488.27
4094	486.83
4095	486.13
